0.000028
0.38986 0.38878 0.70927
0.72951 0.07322 0.13581
0.28209 0.51066 0.99480
0.46793 0.72547 0.13771

0.000028
0.38986 0.38878 0.70927
0.72951 0.07322 0.13581
0.28209 0.51066 0.99480
0.46793 0.72547 0.13771

0.000021
0.38986 0.38878 0.70927
0.72951 0.07322 0.13581
0.28209 0.51066 0.99480
0.46793 0.72547 0.13771

0.000020
0.38986 0.38878 0.70927
0.72951 0.07322 0.13581
0.28209 0.51066 0.99480
0.46793 0.72547 0.13771

0.000015
0.38986 0.38878 0.70927
0.72951 0.07322 0.13581
0.28209 0.51066 0.99480
0.46793 0.72547 0.13771

0.000027
0.38986 0.38878 0.70927
0.72951 0.07322 0.13581
0.28209 0.51066 0.99480
0.46793 0.72547 0.13771

0.000020
0.38986 0.38878 0.70927
0.72951 0.07322 0.13581
0.28209 0.51066 0.99480
0.46793 0.72547 0.13771

0.000016
0.38986 0.38878 0.70927
0.72951 0.07322 0.13581
0.28209 0.51066 0.99480
0.46793 0.72547 0.13771

0.000015
0.38986 0.38878 0.70927
0.72951 0.07322 0.13581
0.28209 0.51066 0.99480
0.46793 0.72547 0.13771

0.000015
0.38986 0.38878 0.70927
0.72951 0.07322 0.13581
0.28209 0.51066 0.99480
0.46793 0.72547 0.13771

0.000014
0.38986 0.38878 0.70927
0.72951 0.07322 0.13581
0.28209 0.51066 0.99480
0.46793 0.72547 0.13771

0.000019
0.38986 0.38878 0.70927
0.72951 0.07322 0.13581
0.28209 0.51066 0.99480
0.46793 0.72547 0.13771

0.000019
0.38986 0.38878 0.70927
0.72951 0.07322 0.13581
0.28209 0.51066 0.99480
0.46793 0.72547 0.13771

0.000014
0.38986 0.38878 0.70927
0.72951 0.07322 0.13581
0.28209 0.51066 0.99480
0.46793 0.72547 0.13771

0.000015
0.38986 0.38878 0.70927
0.72951 0.07322 0.13581
0.28209 0.51066 0.99480
0.46793 0.72547 0.13771

0.000021
0.38986 0.38878 0.70927
0.72951 0.07322 0.13581
0.28209 0.51066 0.99480
0.46793 0.72547 0.13771

0.000019
0.38986 0.38878 0.70927
0.72951 0.07322 0.13581
0.28209 0.51066 0.99480
0.46793 0.72547 0.13771

0.000019
0.38986 0.38878 0.70927
0.72951 0.07322 0.13581
0.28209 0.51066 0.99480
0.46793 0.72547 0.13771

0.000014
0.38986 0.38878 0.70927
0.72951 0.07322 0.13581
0.28209 0.51066 0.99480
0.46793 0.72547 0.13771

0.000014
0.38986 0.38878 0.70927
0.72951 0.07322 0.13581
0.28209 0.51066 0.99480
0.46793 0.72547 0.13771

