83.985764
0.05222 0.14983 0.70927
0.27180 0.87576 0.13581
0.67995 0.60890 0.99480
0.89168 0.15828 0.13771
0.53713 0.51483 0.65183
0.65531 0.67219 0.06739
0.79347 0.10972 0.33474
0.10633 0.56644 0.01372
0.17519 0.16305 0.81111
0.86912 0.26624 0.25092
0.11575 0.21695 0.63348
0.59546 -0.00980 0.31549
0.63480 0.56497 0.21622
0.10601 0.67900 0.01730
-4.31810 0.80705 0.06882
0.79408 0.78142 0.50260
0.11622 0.66919 0.50966
0.84186 0.92676 0.87759
0.18869 0.06052 0.72386
0.51209 0.61088 0.30589
0.62771 0.10091 0.44439
0.27395 0.76630 0.40186
0.29399 0.70862 0.34250
0.61293 0.06877 0.30593
0.69278 0.51388 0.32331
0.37441 0.76541 0.36187
0.91411 0.06735 0.33400
0.36106 0.10241 0.43065
0.60444 0.11888 0.01725
0.75540 0.57823 0.99773
0.46060 0.31786 0.36333
0.38627 0.98736 0.25046
0.96632 0.03534 0.38376
0.47909 0.58934 0.93021
0.06830 0.61164 0.32789
0.47042 0.93395 0.33115
0.93107 0.93393 0.03680
0.15469 0.78001 0.34207
0.93626 0.46850 0.75349
0.76336 0.93372 0.91890
0.37801 0.36121 0.45545
0.93891 0.78616 0.15511
0.22598 -0.24257 0.07699
0.28521 0.11561 0.79846
0.45878 0.88423 0.69729
0.81396 0.79327 0.43996
0.19438 0.88492 0.41014
0.97710 0.78639 0.51357
0.61441 0.82394 0.26458
0.34634 0.76850 0.73328
0.14383 0.38750 0.47208
0.68635 0.94553 0.56361
0.83853 0.36313 0.25289
0.36505 0.26997 0.45128
0.77254 0.56892 0.42663
0.80746 0.19707 0.67484
0.21062 0.73683 0.71774
0.85118 0.07141 0.93488
0.62250 0.64110 0.62136
0.65437 0.62668 0.18695
0.46723 0.96252 0.41946
-21.23982 4.82953 0.05659
0.74849 0.55540 0.18769
0.10205 0.62179 0.54329
0.11439 0.05897 0.85953
-3.55769 -1.17392 0.33360
0.31293 0.24063 0.13840
1.04235 1.02296 0.70041
0.41336 0.26288 0.81981
-0.01532 0.49523 0.64849
0.50358 0.33471 0.44098
0.64773 0.84045 0.35446
0.32270 0.46009 0.59889
0.69947 0.52256 0.14082
0.56360 0.87310 0.43936
81.51446 207.99805 0.21208
0.34364 0.32967 0.16730
0.85534 0.15146 0.94432
0.02508 0.62788 0.16570
0.70888 0.55494 0.44989
0.80361 0.08549 0.03085
0.26961 0.93145 0.76367
0.33758 0.19177 0.53153
0.38018 0.02944 0.36383
0.68190 0.48313 0.73356
0.53829 0.09204 0.15968
0.22827 0.71142 0.81733
0.49211 0.34380 0.90577
0.61974 0.74277 0.01570
-0.91029 0.08827 0.64287
0.80439 0.47914 0.94133
0.76753 0.15510 0.96883
0.62978 0.34579 0.04190
0.49411 0.15719 0.72356
0.95743 0.71258 0.45976
0.10335 0.03424 0.42672
0.17326 0.57970 0.26685
0.27079 0.78419 0.97875
0.05145 0.79126 0.88615
0.38298 0.49246 0.65640
0.15798 0.62241 0.24034
0.28366 0.53933 0.04590
0.50881 0.76929 0.93370
0.46689 0.16255 0.70331
0.49849 0.09455 0.24938
0.10293 0.65859 0.35806
0.11788 0.62928 0.34954
0.53610 0.15361 0.58577
0.82352 0.78850 0.51281
0.82853 0.55100 0.06792
0.53917 0.95381 0.60720
0.00576 0.62172 0.01159
0.54939 0.77165 0.34200
0.66319 0.88606 0.43543
0.50179 0.54296 0.97499
0.70561 0.80886 0.70403
0.29039 0.54192 0.47236
0.40665 0.11959 0.96451
0.76100 0.63281 0.86461
0.69084 0.63579 0.41096
0.42221 0.26016 0.98571
-0.75749 -0.08683 0.08748
0.68902 0.22787 0.97894
0.56208 0.65199 0.59656
0.76148 0.48252 0.96576
0.17311 0.93977 0.09258
0.92819 0.31529 0.54404
0.59949 0.35541 0.56273
0.49269 0.20798 0.06695
0.80346 0.88357 0.28958
0.10559 1.73330 0.51293
0.43978 0.25602 0.23583
0.75505 0.31921 0.41378
-19.84605 -1.64467 0.29430
0.96790 0.10169 0.47574
0.80845 -0.88290 0.93107
0.61501 0.36504 0.58797
0.95005 0.97556 0.31751
0.39367 0.93187 0.07278
0.94250 0.64577 0.11816
0.53897 0.35267 0.49488
0.32225 0.62752 0.18879
0.32269 0.17437 0.20325
0.17648 0.79210 0.27734
0.47396 0.55704 0.85598
0.19546 0.07109 0.03835
0.36020 0.88983 0.67984
0.64237 0.40950 0.61241
0.67483 0.45497 0.34715
0.29022 0.05561 0.03029
0.33074 0.84854 0.09339
0.81123 0.70357 0.53679
0.43265 0.57057 0.60066
0.46628 0.25034 0.55356
0.69807 0.37055 0.57312
0.17980 0.55661 0.07338
0.36738 0.42347 0.19028
0.52404 0.91959 0.59928
0.80626 0.05262 0.34236
0.15764 0.18284 0.31508
0.08787 0.39493 0.64941
0.89917 0.48081 0.39116
0.52439 0.88832 0.21937
-0.02827 0.77499 0.42681
0.49813 0.89083 0.90241
0.38160 0.02420 0.11583
0.11830 0.03228 0.28641
0.38011 0.38332 0.50649
0.83412 0.03099 0.71497
0.26847 0.27456 0.88508
0.50900 0.70652 0.26216
0.78838 0.79511 0.10988
0.73488 0.23779 0.93709
0.50630 0.82121 0.93131
0.12696 0.50767 0.04472
0.53934 0.18302 0.93645
0.46890 0.78039 0.91796
0.82311 0.37350 0.87437
0.87123 0.63417 0.29801
0.05279 0.86359 0.65997
1.12471 0.18503 0.68291
0.90710 0.25630 0.05328
0.06166 0.90471 0.15574
0.70917 0.37145 0.51721
0.15791 0.64243 0.78738
0.40491 0.75205 0.53296
0.29069 0.86295 0.16713
0.71346 0.58662 0.51687
0.63388 0.51039 0.52232
0.96566 0.58796 0.84253
0.94030 0.21696 0.78835
0.59535 0.10913 0.45428
0.31590 0.04278 0.04866
0.08424 0.12717 0.97608
0.23633 0.80121 0.09906
0.66392 0.69750 0.92196
0.04620 0.20301 0.33206
0.79995 0.77123 0.31561
0.81600 0.45371 0.82822
0.04955 0.73274 0.27392
0.45860 0.68340 0.25702
0.83038 0.35203 0.96587
34.35672 44.31446 0.21719
0.76271 0.21467 0.31858
0.43447 0.15668 0.04789
0.89054 0.68678 0.51888
0.71759 0.08919 0.01289
0.99187 0.06711 0.40802
0.31580 0.63994 0.97100
0.27997 0.57464 0.38658
0.48507 0.74191 0.16551
0.40500 0.53007 0.72773
0.12357 0.66707 0.28411
0.47699 0.39651 0.83301
0.35978 0.66600 0.76216
0.41167 0.76828 0.63911
0.69356 0.40054 0.97925
0.42317 0.45709 0.33554
0.86830 0.20317 0.48282
0.28239 0.32720 0.91444
0.91339 0.86672 0.50733
0.48735 0.58644 0.20796
0.39150 0.06807 0.53983
0.11304 0.86293 0.86787
0.07515 0.88165 0.80447
0.73457 0.53309 0.49917
0.21090 0.59085 0.12029
0.65093 0.94279 0.67283
0.95357 0.41714 0.58421
0.42172 0.59543 0.32584
0.99350 0.82054 0.37843
0.94605 0.14725 0.30072
0.97208 0.92949 0.54555
0.47259 0.30339 0.98719
1.25300 0.29196 0.48996
46.88934 45.47079 0.61419
0.40895 0.64024 0.29130
0.17912 0.69125 0.69888
0.46862 0.16441 0.60046
0.63523 0.08784 0.80374
0.31966 0.48464 0.78754
0.13429 0.09316 0.53596
0.43288 0.23057 0.70222
11.97492 -2.17670 0.88149
0.57532 0.38523 0.98361
0.59910 0.83684 0.79059
0.48694 0.16053 0.38698
0.05432 0.83140 0.15022
0.47766 0.18622 0.84636
0.43501 0.80624 0.90405
0.63688 0.58688 0.17242
0.85134 0.53619 0.24870
0.82038 0.21664 0.86193
0.44457 0.48218 0.27363
0.34830 0.53404 0.50183
0.71563 0.58336 0.48620
0.42522 0.13717 0.35118
0.67768 0.32130 0.08130
0.49087 0.49498 0.10927
0.57149 0.50057 0.77790
0.49927 1.32191 0.58616
0.47828 0.41560 0.80233
0.27095 0.27416 0.04342
0.76130 0.93824 0.87476
0.71603 0.42404 0.85632
0.24093 0.42869 0.13670
0.72109 0.27353 0.59937
0.13990 0.87454 0.34108
0.46160 0.89605 0.85345
0.78554 0.12980 0.02310
0.02630 0.59592 0.23172
0.55728 0.86807 0.86829
0.25848 0.96491 0.94117
0.29486 0.24243 0.76593
0.13229 0.08245 0.75012
0.16913 0.44255 0.29396
0.61993 0.13757 0.79222
-0.30330 1.88829 0.52591
0.95649 0.43256 0.70836
0.27367 0.59112 0.17817
0.64627 0.86794 0.90789
0.87869 0.33048 0.97311
0.87145 0.66633 0.03523
0.45944 0.10220 0.35815
2.43497 2.22239 0.08015
0.06017 0.59152 0.14931
0.38148 0.65757 0.13673
0.82968 0.06674 0.02072
-0.99187 0.67127 0.72411
0.29100 0.26756 0.05171
0.28341 0.58563 0.40991
0.97082 0.74212 0.83953
0.77654 0.68982 0.94763
0.46365 4.77254 0.89085
0.11732 0.15716 0.06270
0.80490 0.94235 0.37632
0.47212 0.93999 0.09084
0.97222 0.59480 0.42440
0.10778 0.13189 0.88834
0.15264 0.92256 0.95624
0.65047 0.22270 0.05186
0.12513 0.51590 0.18021
1.11669 1.03902 0.76321
0.91935 0.06526 0.08955
0.86500 0.42997 0.51795
0.16828 0.75659 0.02704
0.30967 0.29626 0.06000
0.46968 0.42063 0.46930
0.66377 0.38951 0.23814
0.48180 0.13626 0.65127
0.58048 0.76507 0.05115
0.14397 0.85036 0.80593
0.26614 1.03912 0.29928
0.39619 0.85834 0.14983
0.33780 0.80439 0.31749
0.69507 0.77424 0.67285
0.92068 0.04620 0.53640
0.54385 0.38948 0.51003
0.64813 0.55561 0.68297
0.69804 0.53213 0.26949
0.44481 0.94471 0.70195
0.08308 0.90407 0.11214
0.89317 0.48462 0.86768
0.90461 0.16271 0.70082
0.28070 0.16034 0.03939
0.64936 0.12424 0.73337
0.28857 0.17403 0.77753
0.03812 0.72258 0.23390
0.88404 0.01616 0.80278
0.80546 0.29028 0.72092
0.36131 0.06454 0.93765
0.09784 0.93480 0.68329
0.91082 0.68165 0.13170
0.53584 0.93411 0.39518
0.89343 0.60818 0.68560
0.57559 0.65332 0.61663
0.14593 0.14951 0.62196
0.44875 0.33944 0.19260
0.87245 0.19516 0.74244
0.75636 0.61435 0.45771
0.08867 0.78600 0.25291
0.45893 0.40180 0.81686
0.61680 0.50334 0.55528
0.07143 0.45406 0.16585
0.63357 0.37619 0.24957
0.99242 0.38916 0.43011
0.82366 0.64210 0.44470
0.22249 0.36840 0.51225
0.62702 0.79190 0.80199
0.70859 0.32885 0.69665
0.92891 0.87124 0.58070
0.83205 0.17924 0.97283
0.30693 0.75834 0.63759
0.83774 0.84251 0.79864
0.30748 0.70486 0.95202
0.69971 0.32128 0.42458
0.14597 0.28344 0.37943
0.33747 0.22437 0.49980
0.94262 0.57370 0.01864
0.05114 0.71223 0.20814
0.33667 0.10708 0.06648
0.15284 0.33788 0.10180
0.94176 0.76136 0.08541
0.67326 0.59495 0.02064
0.50797 0.08736 0.87366
0.27800 0.51599 0.17975
0.86881 0.17901 0.84387
0.43147 0.82798 0.52650
0.48775 0.24921 0.94059
0.06530 0.69163 0.90346
0.13924 0.27794 0.81188
0.29960 0.71433 0.57696
0.58975 0.97287 0.89197
0.35321 0.86758 0.37044
0.43462 0.22632 0.01678
0.61380 0.62112 0.21340
0.90739 0.27875 0.16097
0.26427 0.32810 0.62615
1.01717 0.76719 0.81481
0.54861 0.31355 0.75586
0.09626 0.77280 0.84366
0.44858 0.31552 0.95677
0.04842 0.96570 0.00726
0.22359 0.68648 0.66728
0.28035 0.88976 0.89294
0.05045 0.57749 0.52879
0.32389 0.93327 0.21940
0.51011 0.93626 0.88311
0.82802 0.87930 0.98359
0.04644 0.84733 0.15657
0.89256 0.69207 0.15812
0.61381 0.08685 0.70752
0.73759 0.54901 0.24911
0.93450 0.35715 0.01160
0.02192 0.12129 0.21503
0.69098 0.37165 0.03038
0.64450 0.24817 0.89810
0.42575 0.41990 0.66644
0.62026 0.11438 0.41467
0.47595 1.01955 0.49680
0.88774 0.57007 0.25390
0.41197 0.42339 0.46308
0.55319 0.95552 0.18089
0.90893 0.97302 0.71846
0.57348 0.24588 0.85224
0.81300 0.59736 0.54040
0.47079 0.99661 0.98650
0.45861 0.18042 0.44184
0.91351 0.76227 0.29128
0.43727 0.42476 0.34825
0.30480 0.60551 0.19144
0.14805 0.72297 0.48136
0.74984 0.99114 0.16575
0.03542 0.12804 0.74684
0.49023 0.55254 0.78749
0.68012 0.44596 0.69445
0.80886 0.73313 0.66204
0.39158 0.30656 0.49612
0.96318 0.20343 0.88064
1.07760 1.12542 0.41517
0.65608 0.71682 0.02833
0.42493 0.90630 0.60209
0.46793 0.92388 0.20345
0.72935 0.69352 0.14980
0.84651 0.68159 0.57268
0.95107 0.71479 0.97874
0.95200 0.90223 0.44266
0.61892 0.65478 0.45141
0.20380 0.28319 0.68347
1.19712 0.66802 0.22727
0.77965 0.49146 0.87650
0.74542 0.66799 0.57806
0.43426 0.67519 0.29712
20.68566 2.91143 0.61344
0.16365 0.66497 0.89004
0.07075 0.86494 0.19400
0.71126 0.32418 0.58085
0.23262 0.05106 0.73762
0.69598 0.50738 0.87288
0.69247 0.35629 0.06464
0.28995 0.21133 0.99450
0.49157 0.91841 0.78364
0.92417 0.47980 0.71555
0.20188 0.71014 0.51127
0.29113 -0.17012 0.92281
0.08244 0.84009 0.37985
0.60621 0.15219 0.84005
0.18627 0.92099 0.75387
0.28497 0.11626 0.36387
0.33685 0.68815 0.45253
0.04331 0.05526 0.29725
0.56341 0.73542 0.47326
0.52447 0.66506 0.27614
0.75423 0.04824 0.18839
0.72612 0.13561 0.52603
0.95333 0.30561 0.09838
0.78031 0.32982 0.86184
1.03833 0.39010 0.72774
0.71461 0.13328 0.64270
0.82898 0.82231 0.91634
0.51211 0.83610 0.41023
0.22063 0.69821 0.73352
0.60580 0.13374 0.56816
0.48431 0.52344 0.02573
0.82935 0.81497 0.50659
0.73275 0.17816 0.45165
0.41231 0.79211 0.12351
0.09384 0.16812 0.17846
0.35298 0.87080 0.81157
0.05741 0.61604 0.94042
0.11639 0.51847 0.74202
0.08601 0.09082 0.55844
0.35825 0.46618 0.96681
0.76334 0.54140 0.02691
0.84667 0.16862 0.90434
0.45794 0.21161 0.78817
0.68761 0.19434 0.33675
0.04959 0.61898 0.05522
0.49431 0.91899 0.94901
0.86101 0.18665 0.57333
0.12600 0.71491 0.61588
0.03176 0.08409 0.25573
0.37955 0.09869 0.66723
0.71462 0.33988 0.11580
0.62311 0.40521 0.92089
0.38113 0.08905 0.14778
0.71524 0.06131 0.96529
0.56716 0.29317 0.54877
0.61876 0.67358 0.81186
0.37747 0.96318 0.50888
0.92631 0.44736 0.21372
0.61390 0.74797 0.16831
0.32262 0.72954 0.72632
0.20292 0.29491 0.72400
0.19924 0.42395 0.09128
-0.16998 0.57041 0.13901
0.09296 0.78099 0.00423
-20.45648 20.60033 0.11959
0.77154 0.05295 0.23760
0.22535 0.23918 0.30289
0.93741 0.06187 0.00486
0.31168 0.54364 0.91600
0.61322 0.97514 0.09388
0.44384 0.58779 0.07819
0.48863 0.09291 0.13397
0.66346 0.83468 0.46207
0.37001 0.69194 0.58726
0.74501 0.26629 0.81211
0.53265 0.19825 0.03971
0.73453 0.85572 0.65162
0.47388 0.92793 0.08055
-0.12461 2.08066 0.97522
0.67024 0.89234 0.38882
0.83792 0.52623 0.57491
0.56687 0.30448 0.78431
-0.01531 0.49973 0.81224
0.69686 0.60555 0.45773
0.90791 0.31042 0.01091
0.81089 0.92573 0.51824
0.81467 0.03702 0.39004
0.63882 0.05690 0.29958
0.16173 0.86207 0.83385
0.81102 -0.29714 0.15787
0.69478 0.21723 0.97838
0.24154 0.05743 0.43996
0.07171 0.81939 0.67491
0.57028 0.35917 0.15485
1.06811 0.35379 0.63232
0.83525 0.84231 0.74227
0.33217 0.01884 0.13245
0.26444 0.35098 0.13261
0.21712 0.86361 0.56792
-0.08646 0.81500 0.09287
0.29646 0.65848 0.66628
0.96344 0.91162 0.48810
0.93654 0.28350 0.20960
0.51110 0.92294 0.36035
0.65798 0.37847 0.13805
0.78899 0.19596 0.43216
0.57898 0.40720 0.84713
0.80166 0.45650 0.17950
0.55995 0.33131 0.73956
0.32754 0.56174 0.27039
0.05763 0.58267 0.21449
-0.18029 0.78755 0.09723
0.14825 0.86959 0.02574
0.51442 0.94839 0.25494
0.27394 0.44284 0.30054
0.41040 0.21735 0.63242
0.70269 0.30585 0.55130
0.95649 0.91177 0.98887
0.76781 0.72488 0.49751
0.13265 0.15686 0.77625
-0.04850 -0.44924 0.00795
0.59136 0.39219 0.20900
0.62196 0.03229 0.65987
0.60227 0.52398 0.07296
0.83285 0.67025 0.37586
0.13057 0.74330 0.66489
1.02081 0.38924 0.71988
0.33712 0.66338 0.19283
0.13052 0.64956 0.69509
0.87986 0.29632 0.69106
0.00644 0.61669 0.17105
0.68799 0.19884 0.51902
0.60075 0.69472 0.48516
0.89101 0.10677 0.17043
0.04079 0.26358 0.90286
0.84294 1.56166 0.80807
0.39236 0.03225 0.48345
0.62656 0.81846 0.78283
0.03871 0.61375 0.83342
1.04081 -0.32139 0.61164
0.40000 0.75262 0.30016
0.16121 0.81337 0.11773
0.56845 0.03030 0.48484
0.60667 0.54124 0.94885
0.92937 0.54838 0.57141
0.73723 0.71407 0.01391
0.32193 -0.01253 0.54263
0.38180 0.23096 0.98331
0.54662 0.49038 0.62025
0.10059 0.58874 0.01473
0.04998 0.15903 0.35626
0.13834 0.45302 0.56221
0.58225 0.77303 0.97448
0.74774 0.36178 0.11547
0.76056 0.69399 0.60976
0.57901 0.44051 0.07827
0.39101 0.49272 0.82340
0.42478 0.23558 0.08986
0.48422 0.70235 0.97535
0.31330 0.14950 0.44232
0.15990 0.38671 0.24436
0.59310 0.18086 0.13645
0.54628 0.31081 0.47710
0.17987 0.80797 0.92141
0.28376 0.67400 0.46474
4.46160 3.28539 0.95682
0.77352 0.09249 0.20224
0.43574 0.90364 0.99772
0.78464 0.03531 0.99371
0.47309 0.74619 0.51470
0.23666 0.06018 0.48858
0.16590 0.61205 0.46654
0.35792 0.23822 0.88784
0.04044 0.37989 0.39774
0.31476 0.07594 0.19122
0.31173 0.47994 0.73220
0.12897 0.68598 0.63092
0.25046 0.87622 0.61326
0.71231 -0.09295 0.65472
0.73531 0.07550 0.70708
0.68584 0.52406 0.62289
0.51978 0.77606 0.16647
0.51065 0.74531 0.32044
0.83036 0.60265 0.03870
0.04189 0.98241 0.84578
0.73141 0.80500 0.75788
0.54727 0.66852 0.28895
0.83067 0.87555 0.20945
0.44237 0.62966 0.80858
0.78618 0.42134 0.14962
0.50690 0.72835 0.10779
0.14603 0.77576 0.39274
0.77616 0.30914 0.61088
0.82556 0.71589 0.48939
0.41057 0.50072 0.71280
0.47913 0.87419 0.58198
0.99234 0.10645 0.16268
0.64583 0.90016 0.83014
0.60040 0.87657 0.62435
0.18415 0.15998 0.35892
0.19738 0.34429 0.64135
0.69740 0.25321 0.47663
0.46399 0.60372 0.49191
0.84096 0.72196 0.84118
1.30219 0.54961 0.16002
0.52713 0.38045 0.27573
0.85008 0.05351 0.98992
0.32103 0.66868 0.86419
0.44311 0.54571 0.89636
0.95997 0.15565 0.18350
0.86027 0.54762 0.03485
0.46517 0.08052 0.24388
0.26463 0.11374 0.28352
0.57908 0.41140 0.39703
0.92569 0.55435 0.98292
0.69921 0.50349 0.48997
0.16533 -0.25258 0.82388
0.71422 0.87158 0.71600
0.64660 0.37604 0.06763
0.77824 0.08431 0.15867
0.03154 0.45439 0.89390
0.49358 0.12652 0.91086
0.20734 0.25074 0.43169
0.06542 0.95467 0.85353
0.89939 0.86374 0.23479
0.75483 0.88454 0.99417
0.35952 0.47168 0.56530
0.86193 0.91669 0.67206
0.25367 0.92054 0.86253
0.28525 0.19934 0.46522
0.43991 0.06994 0.76648
0.65006 0.70056 0.76167
0.78092 0.06415 0.94781
0.73798 0.06712 0.13555
0.28660 0.64843 0.04668
0.11491 0.50868 0.19953
0.72784 0.76343 0.44076
0.24191 1.11493 0.56353
0.12049 0.94892 0.64750
0.49852 0.46000 0.10891
0.17397 0.72387 0.82423
0.18055 0.34397 0.62697
0.43117 0.68126 0.47559
0.30754 0.55528 0.35038
-17.66795 -6.53468 0.06489
0.24310 0.54361 0.63389
0.54144 0.06278 0.03349
0.79331 0.30492 0.67136
0.38653 0.69933 0.61789
0.19397 0.76671 0.97772
0.68666 0.21057 0.07266
0.35568 0.68634 0.27339
0.01861 0.22803 0.62116
0.86624 0.94573 0.72267
0.94649 0.40943 0.06142
0.86117 0.06006 0.01036
0.04817 0.43227 0.88319
0.30361 0.35886 0.96029
0.19243 0.36202 0.64863
0.05990 0.14265 0.96975
0.58891 0.56885 0.15620
0.74035 0.65732 0.06931
0.41862 0.67777 0.31925
0.42597 0.59702 0.11442
0.24921 0.21661 0.67063
0.79500 0.08982 0.30313
0.53510 0.26276 0.74419
0.60692 0.35834 0.28851
0.52494 0.15832 0.67760
0.61798 0.69375 0.86350
0.14851 0.40703 0.57957
0.36231 0.60565 0.66350
0.15827 0.72746 0.61170
0.29226 0.73691 0.03555
0.20385 0.92202 0.82047
0.99636 0.25114 0.46726
0.15870 0.50802 0.23319
0.45236 0.31393 0.57986
0.61939 0.12842 0.64867
0.78063 0.21764 0.85002
0.42022 0.14240 0.40476
0.13035 0.61682 0.17292
0.11960 0.21588 0.20345
0.85110 0.15761 0.08116
0.49869 0.41289 0.43642
0.32365 0.91516 0.73239
-0.69839 1.21245 0.69020
0.86160 0.41678 0.61927
0.85401 0.05690 0.40173
2.10446 0.99735 0.99209
0.03338 0.91820 0.91973
0.29592 -0.45820 0.22178
0.67898 0.39067 0.11766
0.42058 0.22492 0.84780
0.10000 0.05406 0.98332
0.93747 0.08675 0.57637
0.26132 0.10581 0.01328
0.03318 0.10079 0.70535
-0.48218 -0.14545 0.56952
0.21337 0.70724 0.68802
0.31517 0.66541 0.24292
0.79170 0.78651 0.06098
-1.08382 -0.47612 0.83622
0.94291 0.62691 0.90956
0.51784 0.71146 0.41992
0.90542 0.96277 0.95684
0.70340 0.36256 0.63127
0.85744 0.71254 0.18822
-1.50846 0.50235 0.24792
0.53095 0.42443 0.54313
0.50124 0.75214 0.90450
0.18517 0.91584 0.94126
0.70564 0.79148 0.25631
0.36026 0.31164 0.71031
0.48911 0.43496 0.61716
0.70404 0.16505 0.86031
0.12570 0.31221 0.58140
0.67467 0.58374 0.43094
0.80411 0.13063 0.80146
0.31649 0.89515 0.80480
0.29964 0.46485 0.94822
0.47993 0.10136 0.96593
0.57173 0.18932 0.58824
0.77614 0.71926 0.40557
0.34487 0.07352 0.85488
0.96101 0.04294 0.99096
0.63590 0.14509 0.17824
0.69525 0.03432 0.51017
0.25507 0.20529 0.31456
0.30907 0.57157 0.09790
0.78803 0.79979 0.81161
0.03865 0.02750 0.92818
0.40106 0.38888 0.38082
0.39629 0.35149 0.86325
0.88122 0.63953 0.78026
0.73028 0.53989 0.10260
0.17756 1.06399 0.12945
0.78700 0.74544 0.02347
0.11049 0.33922 0.41567
-10.20995 2.55532 0.96436
0.67904 1.13381 0.85000
0.39767 0.56308 0.25403
0.21133 0.07783 0.52060
0.82305 0.93034 0.94605
0.75113 0.41332 0.66563
0.41583 0.35421 0.60005
0.04727 0.47291 0.77752
0.68553 0.50748 0.60778
0.17402 0.58672 0.47827
0.74923 0.09402 0.86257
0.06295 0.94467 0.61750
0.11600 0.93445 0.54568
0.70720 0.50951 0.72743
-0.76426 -0.98652 0.41168
0.96820 0.04683 0.31789
1.70958 1.70387 0.00948
3.83678 1.00050 0.81840
0.10080 0.20726 0.13702
0.94135 0.03244 0.85699
0.98986 0.99718 0.30381
0.33182 0.37352 0.14161
0.71057 0.55388 0.22618
0.96001 0.27316 0.07697
0.63791 0.79760 0.22873
0.23559 0.39034 0.61936
4.73815 1.42712 0.76054
1.20449 0.38894 0.95363
0.51016 0.15287 0.34541
0.31390 0.37327 0.15618
0.81173 0.57460 0.88950
0.19970 0.18175 0.56958
0.00447 0.56925 0.39681
0.26211 0.51874 0.58138
0.78338 0.29678 0.15598
0.34489 0.57121 0.83259
0.93568 0.68329 0.50389
0.48724 0.11678 0.86296
0.94092 0.85157 0.78883
0.53681 0.65996 0.36814
0.37959 0.93593 0.43472
0.55436 0.56830 0.48667
0.08210 0.76699 0.48690
0.09947 0.08409 0.73617
0.84406 0.09676 0.81944
0.36525 0.90020 0.21722
0.49824 0.61180 0.66773
0.29963 0.45086 0.62846
0.98952 1.12054 0.24647
0.50002 0.48823 0.48413
0.33485 0.66918 0.83450
0.90154 0.20468 0.31112
0.11268 0.62764 0.96986
0.87360 0.12224 0.12183
0.80990 0.94520 0.41462
0.32279 0.93745 0.63770
0.29261 0.83467 0.19833
0.39621 0.87601 0.23532
0.16440 0.85856 0.69331
0.90737 0.75142 0.30766
0.21906 0.03339 0.49007
0.04323 0.38955 0.57852
0.76476 0.19500 0.11801
3.72243 1.89500 0.64654
0.46948 0.43079 0.12039
0.55828 0.07503 0.14057
0.52693 0.13117 0.27012
0.14043 0.19169 0.30144
0.65606 0.91895 0.39710
0.49680 0.24610 0.13981
0.80407 0.36083 0.62703
0.15538 0.38426 0.29639
0.67692 0.42691 0.62710
0.65571 0.30159 0.94512
0.92695 0.12804 0.26006
0.28108 0.68955 0.27724
0.80316 0.80479 0.33638
0.71096 1.65579 0.16528
0.30090 0.33600 0.91850
0.07413 0.27424 0.27954
0.51633 0.17345 0.25044
0.17441 0.86356 0.35821
0.08725 0.26517 0.47626
0.37042 -0.05013 0.47370
0.77316 0.80915 0.12278
0.71371 0.53851 0.73244
0.65455 0.72559 0.95760
0.48376 0.38294 0.33764
0.44602 0.37957 0.69243
0.52722 0.80414 0.68017
0.27348 0.77181 0.14559
0.39071 -0.39591 0.75956
0.50503 0.63512 0.28188
0.51967 0.63370 0.54149
0.40337 0.80079 0.24464
0.09356 0.49394 0.27848
0.38203 0.15792 0.79551
0.84536 0.42577 0.01864
0.75665 0.15936 0.32375
0.94166 0.73268 0.69372
0.36654 0.23579 0.72964
0.58477 0.53372 0.57609
0.35905 0.71179 0.36198
0.30174 0.49004 0.43833
0.83490 0.52434 0.87124
0.40047 0.94893 0.36797
0.54550 0.22559 0.89269
0.29789 0.79860 0.37923
0.67699 0.85206 0.16189
0.73408 0.56535 0.58484
0.56444 0.54768 0.57628
0.69842 0.08469 0.63981
0.09019 0.23056 0.89100
0.41557 0.60165 0.24495
0.03456 0.15684 0.67458
0.62047 0.81423 0.75662
0.04857 0.46964 0.81067
0.98863 0.30925 0.70241
0.16967 0.43352 0.04344
1.69147 0.29677 0.45361
0.96031 0.57697 0.07587
0.18873 0.03231 0.22078
0.43334 0.90451 0.85253
0.49204 0.89796 0.27565
0.10830 0.59912 0.25760
0.41229 0.56700 0.37533
0.47623 0.26300 0.14925
0.48917 0.56440 0.44468
0.89141 0.77838 0.60857
0.42121 0.95672 0.47141
0.82551 0.46199 0.79582
0.36713 0.86055 0.04736
0.94420 0.54411 0.20239
0.69915 0.45368 0.19802
8.00780 -6.27616 0.24828
0.75128 0.73327 0.20273
0.95336 0.21145 0.02818
0.41532 0.24725 0.91163
0.29248 0.02303 0.63115
0.30513 0.71940 0.60231
0.90894 0.19069 0.15612
0.03784 0.42622 0.13030
0.61375 0.59938 0.61385
0.11304 0.20744 0.17866
0.89538 0.29659 0.07471
0.32821 0.83926 0.79312
0.79232 0.10016 0.09382
0.55659 0.48023 0.28825
1.57229 -0.35324 0.41412
0.77595 0.52916 0.59269
0.81529 0.28895 0.96749
0.77641 0.70635 0.70265
-2.25076 0.71984 0.89159
0.12288 0.95306 0.99350
-0.01344 0.88550 0.16376
0.79346 0.79795 0.84594
0.24939 0.69107 0.50851
0.08030 0.33085 0.12374
0.90167 0.34679 0.56557
0.58670 0.21301 0.38962
0.47802 0.86030 0.56124
0.75760 0.04386 0.51057
0.73975 0.72583 0.99539
0.62913 0.48566 0.96585
0.45625 0.56525 0.64837
7.93463 6.08263 0.09969
-17.98039 -7.56532 0.10989
0.41742 0.74432 0.90202
0.53371 0.07780 0.69325
0.04668 0.43769 0.71957
0.54425 0.33576 0.06051
0.85478 0.75407 0.23488
0.85277 0.03916 0.97489
0.68436 0.26271 0.91731
0.49519 0.85288 0.76484
0.37839 0.53886 0.74529
0.91279 0.14273 0.52805
0.39097 0.40930 0.84707
0.95495 0.34698 0.42429
0.04961 0.91575 0.13239
0.56564 0.64255 0.52423
0.28993 0.69009 0.29301
0.94897 0.66540 0.80563
0.62551 0.10722 0.11730
0.42541 0.54195 0.88009
0.78568 0.37267 0.92777
0.40466 0.85315 0.50854
0.43726 0.02919 0.60099
0.43112 0.96283 0.50710
0.03322 0.23204 0.46393
0.33406 0.65527 0.54522
0.47601 0.72866 0.79000
0.07800 0.70970 0.38091
0.72817 0.59570 0.90913
0.48745 0.95192 0.88368
0.21722 0.21086 0.76789
0.69960 0.91737 0.64596
0.13496 0.24111 0.78557
0.36034 0.53778 0.48548
0.60740 0.26777 0.25532
0.36691 0.40684 0.69544
0.59149 0.37163 0.64901
-0.64883 3.58035 0.58138
0.60374 0.91487 0.90138
0.32772 0.85509 0.24326
0.27209 0.70182 0.57404
0.23546 0.69498 0.73021
0.95432 0.22065 0.00463
0.42413 0.27406 0.90213
0.90299 0.73027 0.68771
0.53571 0.14126 0.31821
0.17052 0.25868 0.18773
0.72582 0.07954 0.85926
0.45000 0.38964 0.20145
0.42188 0.31367 0.76936
0.88244 0.55658 0.45744
0.81812 0.57718 0.35716
0.55496 0.84526 0.26530
0.52769 0.25202 0.24200
0.39780 0.57296 0.09154
0.95487 0.92870 0.28914
0.92237 0.57886 0.04823
0.33585 0.47717 0.83432
0.66410 0.73324 0.80917
0.58496 0.58398 0.10079
0.41146 0.75783 0.69500
0.43767 0.16943 0.45738
0.26463 0.42937 0.38509
0.58941 0.46676 0.87825
0.94676 0.51974 0.06015
0.37227 0.52620 0.58785
0.16703 0.91013 0.86627
0.73365 0.19588 0.21629
0.62781 0.59172 0.45646
0.79054 0.64030 0.58121
0.42699 0.95839 0.63475
0.21405 0.87263 0.76996
0.55471 0.17666 0.23452
0.50218 0.53462 0.23283
0.85351 0.83050 0.89364
0.89887 0.38118 0.64931
0.82774 0.14947 0.18309
0.72362 0.31003 0.89306
0.23458 0.72646 0.69544
0.76203 0.68280 0.53017
0.63315 0.77159 0.41333
0.89119 0.18818 0.25114
0.89085 0.36022 0.76710
0.80517 0.20542 0.74873
0.79722 0.08317 0.36786
0.87672 0.44422 0.27936
0.80948 0.38083 0.34545
0.45944 0.10093 0.67072
0.11920 0.07536 0.21097
0.55063 0.99620 0.76734
0.41242 0.72331 0.01149
1.80041 1.22176 0.08948
0.11658 0.02996 0.37402
0.09056 0.82224 0.05323
0.48806 -0.10992 0.67708
0.25487 0.39978 0.50009
0.97998 0.76271 0.29653
0.91608 0.28145 0.74058
0.50746 0.42941 0.80297
0.17286 0.55631 0.51071
0.50564 0.93318 0.16887
0.61887 0.40999 0.75926
0.16359 0.66712 0.92056
0.52426 0.66458 0.71584
0.48526 0.53005 0.19413
0.06338 0.58640 0.29589
0.68275 0.67441 0.60640
0.68498 0.29211 0.41958
0.49722 0.65499 0.95212
0.65238 0.73741 0.31545
0.27332 0.91961 0.14364
0.48279 0.77867 0.53819
0.82328 0.43028 0.40568
0.19152 0.35657 0.00934
0.08165 0.23324 0.18199
0.67094 0.28490 0.38236
0.96393 0.69645 0.08442
0.04988 0.27779 0.10732
0.47714 0.25640 0.92499
0.14065 0.02869 0.97841
0.86097 0.39301 0.08639
0.09267 0.09816 0.12040
0.51727 0.73158 0.45206
0.51314 0.35490 0.55834
0.73942 0.53441 0.39923
0.15926 0.68593 0.01109
0.29250 0.63030 0.66047
0.39668 0.88540 0.98411
0.85738 0.42577 0.49464
0.70504 0.80122 0.57268
0.02962 0.76261 0.49552
0.18862 0.61995 0.63607
0.55692 0.51723 0.00745
0.38388 0.14681 0.69728
0.91866 0.83728 0.21612
0.17308 0.74139 0.09633
0.91840 0.89175 0.04409
0.10662 0.41407 0.09381
0.42238 0.62745 0.86706
0.86983 0.47950 0.35803
0.31014 0.95534 0.18151
0.46910 0.39402 0.02063
0.06855 0.15848 0.99665
0.15298 0.23084 0.74764
0.47720 0.13409 0.25791
0.76528 0.34074 0.82778
0.88822 0.80497 0.09839
0.35242 0.94489 0.48345
0.37749 0.48280 0.50423
0.50306 0.24885 0.91702
0.42947 0.10291 0.53594
0.25084 0.07649 0.00738
-0.19459 0.46403 0.37514
0.22059 0.94101 0.64231
0.73693 0.35812 0.32244
0.43257 0.09494 0.73174
0.69703 0.82717 0.69376
0.62906 0.92848 0.93793
0.61541 0.90229 0.70655
0.91629 0.56230 0.56341
0.23836 0.22327 0.39266
0.20491 0.93309 0.11287
-0.09920 0.63092 0.74451
0.23583 0.29576 0.95196
0.85793 0.85101 0.57006
0.29416 0.77043 0.64181
0.97112 0.85954 0.59740
0.14642 0.09292 0.42714
2.85074 -0.61058 0.38273
0.61106 0.32995 0.68930
0.24658 0.71808 0.65120
0.28708 0.65441 0.90744
0.17659 0.23489 0.92900
0.86240 0.74023 0.44476
0.20219 0.22632 0.81610
0.96668 0.94209 0.32261
0.52878 0.48283 0.91988
1.07058 0.70996 0.10423
0.23996 0.52737 0.79513
0.63115 0.66748 0.75288
0.48588 0.33773 0.83129
0.42590 0.58539 0.92055
0.80532 0.93480 0.91172
0.66492 0.31983 0.09087
0.48585 0.14190 0.07972
0.07199 0.66735 0.37858
0.20449 0.51875 0.12970
0.48805 0.65591 0.13904
0.32871 1.10064 0.65685
0.62949 0.67730 0.77987
0.32822 0.51619 0.30985
2.38984 0.63229 0.36885
0.53355 0.04242 0.63809
0.23086 0.24717 0.00992
0.72190 0.17094 0.27138
0.77103 0.54937 0.35969
0.53030 0.00670 0.31536
0.79804 0.51021 0.57274
0.55834 0.83368 0.70021
0.09287 0.67230 0.58893
0.46311 0.94492 0.17540
0.67860 0.34218 0.63961
3.29342 0.71200 0.93720
0.62637 0.11869 0.07278
0.08032 0.69578 0.04971
1.75878 1.27699 0.43270
0.94488 0.73729 0.85255
0.66641 0.34256 0.38851
0.65925 0.32790 0.04918
0.82234 0.05113 0.84675
0.52320 0.71430 0.77431
0.65573 0.40556 0.36688
0.69635 0.28391 0.63365
0.90591 0.34427 0.68355
0.78213 0.04918 0.91626
0.63045 0.95348 0.07478
0.66003 0.36384 0.59544
0.57107 0.78151 0.00750
0.94124 0.35889 0.39383
0.38133 0.79312 0.66489
0.92459 0.45951 0.12391
0.20796 0.17645 0.15164
0.89298 0.45745 0.82545
0.29894 0.55301 0.32424
0.31559 0.60053 0.09456
0.61098 1.19156 0.42681
0.73276 0.42680 0.35121
0.12821 0.89594 0.18797
0.51592 0.26790 0.68606
0.73063 0.81559 0.47428
0.78147 0.22001 0.07129
0.06439 0.63366 0.74826
0.16382 0.13593 0.85322
0.91049 0.38083 0.43726
0.08486 0.36219 0.11144
0.45280 0.37116 0.38450
0.27591 0.75858 0.78815
0.87118 0.77617 0.04502
0.34112 0.43400 0.64864
0.63634 1.14642 0.99666
0.58986 0.17343 0.89870
0.19561 0.98860 0.03562
0.22330 0.38060 0.28711
0.10013 0.88677 0.69157
0.66444 0.74705 0.18502
0.30293 0.55577 0.11890
0.57215 0.49087 0.09686
0.53463 0.85335 0.02805
0.84146 0.06283 0.47876
0.42113 0.93923 0.34496
0.62756 0.32106 0.35562
0.33359 0.67713 0.72454
0.34853 0.31706 0.90111
0.56298 0.78315 0.55386
0.40459 0.80395 0.11364
0.48696 0.28285 0.40365
0.83693 0.74075 0.60977
0.11055 0.58107 0.16022
0.82956 0.96780 0.52393
0.44161 0.93495 0.12298
0.23566 0.24387 0.04736
0.14278 0.90142 0.71612
0.77388 0.52355 0.92471
0.52533 0.60700 0.69203
0.93903 0.21385 0.16878
0.23693 0.29170 0.13704
2.17996 0.12462 0.60629
0.38528 0.56618 0.03453
0.06612 0.44172 0.01023
0.95347 0.58027 0.13646
0.12092 0.94908 0.44556
-0.65827 6.49936 0.09099
0.30553 0.76028 0.43173
0.16915 0.79250 0.89736
0.37768 0.49710 0.99479
0.30470 0.67290 0.27598
0.84414 0.74683 0.06474
0.10616 0.17984 0.85198
0.13488 0.25332 0.72372
0.68252 0.33161 0.74283
0.36830 0.61064 0.95950
0.11280 0.32531 0.17893
0.17530 0.82991 0.38561
0.46368 0.38427 0.23726
0.91329 0.40313 0.33506
0.66440 0.40573 0.40941
0.63133 0.08022 0.36550
0.12386 0.07472 0.29054
0.49338 0.06298 0.79008
0.07295 0.38455 0.58369
0.47176 0.54332 0.11543
0.73924 0.03978 0.89530
0.05570 0.10362 0.48873
0.46771 0.36647 0.75151
1.13670 1.35191 0.42004
0.60258 0.32654 0.34312
0.93845 0.79054 0.32181
0.20322 0.90130 0.99667
0.21905 0.72517 0.31444
0.48820 0.71368 0.17326
0.26661 0.35746 0.56370
0.48226 0.67318 0.24933
0.28950 0.30156 0.33067
0.74938 0.36576 0.13763
0.68391 0.49575 0.06737
0.06511 0.68873 0.07397
0.40843 0.13440 0.95674
0.06841 0.17091 0.22923
0.40146 0.39263 0.47599
0.21827 0.66317 0.57518
0.51063 0.56421 0.97133
0.04617 0.81615 0.57662
0.91852 0.55608 0.66655
0.77256 0.33746 0.48888
0.79913 0.85151 0.16547
0.48491 0.43241 0.42507
0.65812 0.51994 0.25360
0.41808 -0.04680 0.30705
0.62562 0.21812 0.26043
0.43502 0.08740 0.12619
0.63918 0.52542 0.26948
0.96062 0.70770 0.81948
0.16526 0.62157 0.25018
0.17052 0.86467 0.33798
2.23987 -1.55662 0.76412
0.89815 0.53774 0.46547
0.51556 0.27492 0.24552
0.25256 0.88998 0.78236
0.44063 0.57436 0.81564
0.92634 0.75429 0.26578
0.29849 0.37611 0.49881
0.21487 0.16233 0.31489
0.19519 0.37349 0.38005
0.23898 0.93018 0.06511
0.13230 0.07110 0.16035
0.07990 0.82660 0.21042
0.40340 0.22005 0.60527
-7.51715 -4.34716 0.05504
0.74377 0.26245 0.89413
0.30388 0.29575 0.57544
0.15379 0.12795 0.97024
0.24312 0.61383 0.28023
0.06386 0.06034 0.82099
0.93252 0.39405 0.37845
-1.69735 -1.15772 0.82919
0.78680 0.70143 0.17064
0.25567 0.42411 0.56643
0.13282 0.81993 0.93060
0.94317 0.67978 0.12299
0.62267 0.52360 0.28493
0.04780 0.16571 0.51231
0.79359 0.23310 0.74252
-0.02241 0.82507 0.25329
0.55392 0.69932 0.72954
0.81061 0.07658 0.41706
-45.28265 -44.99060 0.85299
0.85187 0.79215 0.90885
-0.57733 -0.06880 0.40091
0.22941 0.92022 0.98983
0.24869 0.18300 0.08061
0.18795 0.82074 0.70114
0.77870 0.81844 0.31317
0.85624 0.55068 0.14160
0.99460 0.44073 0.24548
0.39000 0.21772 0.01770
0.27982 0.93853 0.19431
0.72364 0.74988 0.79000
0.11677 0.56282 0.10529
0.43281 0.40882 0.68950
0.82704 0.53403 0.17893
0.36268 0.22519 0.32734
0.88470 0.34100 0.73843
3.50602 -0.30776 0.24586
0.80348 0.91739 0.31979
0.75474 0.95707 0.18488
0.39435 0.09448 0.32692
0.52158 0.31745 0.01648
0.68259 0.66171 0.21211
0.94241 0.54916 0.98854
0.96013 0.29458 0.88630
0.81094 0.36240 0.73052
91.57033 12.77237 0.64476
0.92583 0.95783 0.22967
0.94130 -0.56695 0.53318
0.27927 0.46215 0.38018
0.75385 0.13343 0.89477
0.46285 0.56266 0.51598
0.04914 0.86094 0.09308
0.83521 0.13932 0.09937
0.58985 0.03839 0.65250
0.19779 0.02910 0.23390
0.45926 0.18759 0.63193
0.69280 0.47993 0.55018
0.66731 0.62551 0.52373
0.05868 0.55267 0.30186
4.03290 1.28089 0.31835
0.26534 0.68077 0.44944
0.70568 0.90583 0.36073
0.88791 0.92787 0.64145
0.29002 0.69312 0.49076
0.20736 0.66941 0.17944
0.51928 0.44255 0.75421
0.30940 0.30010 0.83047
1.06015 -0.11625 0.05502
0.76450 0.81987 0.12287
0.94805 0.99647 0.33260
0.80246 1.09420 0.96701
0.48746 0.04761 0.52472
0.55046 0.92044 0.13780
0.84081 0.36999 0.13731
0.95831 0.60862 0.81999
0.76681 0.08866 0.44453
0.85962 0.65507 0.65695
0.63732 0.76595 0.94681
0.72175 0.17544 0.72321
0.91415 0.49123 0.48269
0.82339 0.81509 0.38551
0.90774 0.65821 0.14291
0.42723 0.52614 0.63658
0.21606 0.22258 0.27258
0.95498 1.23633 0.76021
0.90351 0.93949 0.01602
0.53797 0.32636 0.31463
0.15461 0.58552 0.14487
0.69204 0.59743 0.08391
0.35802 0.04529 0.55888
0.66714 0.30345 0.32356
0.85958 0.03140 0.60866
0.55262 0.05480 0.93705
-0.97563 -0.29684 0.13260
0.68418 0.19519 0.58426
0.98151 0.11851 0.35961
0.64796 0.32552 0.87921
0.34377 0.83796 0.50428
0.93559 0.33744 0.06204
0.91030 0.70215 0.67863
0.09126 0.38914 0.35571
0.47513 0.92623 0.77058
0.78506 0.87450 0.56723
0.59821 0.44002 0.32011
0.18061 0.42715 0.71897
0.20690 0.96298 0.59836
0.31728 0.39983 0.00948
0.58710 0.10813 0.49988
0.72074 0.45005 0.54492
0.87278 0.27193 0.98408
0.38199 0.19095 0.90575
0.63441 0.55381 0.84108
0.69213 0.25598 0.45621
0.78559 0.65373 0.89771
0.38694 0.99371 0.28656
0.75143 0.96701 0.63482
0.34599 0.73116 0.49972
0.99235 0.21208 0.94473
0.89137 0.24493 0.17054
0.26185 0.61961 0.85118
0.14051 0.47960 0.49342
0.04844 0.80067 0.42011
0.04294 0.80549 0.46424
0.14324 0.22278 0.18302
0.53589 0.62210 0.43576
0.56932 0.66189 0.94540
0.25162 0.04269 0.82529
0.58360 0.95751 0.95529
0.65989 0.83047 0.04689
0.42132 0.27796 0.43707
0.97989 0.35524 0.83381
0.61026 0.77156 0.00592
0.88269 0.66106 0.32455
0.27966 0.82285 0.67613
-0.11011 0.58151 0.38869
0.49011 0.07601 0.83773
0.12357 0.52938 0.32932
0.70552 0.17487 0.22082
0.44542 0.44945 0.78730
0.81338 0.53928 0.77138
0.09916 0.41375 0.50684
0.50886 0.72593 0.39943
0.07110 0.28879 0.17207
0.92332 0.30436 0.50149
0.23766 1.02474 0.78664
0.03327 0.82938 0.29325
0.62150 0.13118 0.38153
0.09690 0.94393 0.28252
0.44649 0.60815 0.45440
0.54576 0.24565 0.84003
0.08367 0.13876 0.30000
0.52664 0.95797 0.75721
1.18897 1.72396 0.05240
0.17025 0.07381 0.46465
0.22832 0.18300 0.29535
0.65133 0.18100 0.22728
0.04013 0.30187 0.60916
0.62746 0.63125 0.41097
0.75383 0.56550 0.99695
0.75920 0.66759 0.32540
0.13778 0.09531 0.94532
0.60846 0.53320 0.75243
0.33424 0.60162 0.59226
0.79254 0.43238 0.55093
0.80910 0.20696 0.25943
0.95489 0.06540 0.74746
0.41945 0.18333 0.86225
0.75701 0.96276 0.85885
0.52464 0.93355 0.17548
0.65750 0.09259 0.43364
0.41513 0.14459 0.05119
0.09734 0.35379 0.65075
0.12813 0.57464 0.65022
0.57096 0.84746 0.29893
0.64220 0.40330 0.60145
0.44770 0.19735 0.57716
1.05371 -0.44185 0.91507
0.37824 0.12281 0.69388
0.06891 0.67962 0.97797
0.72511 0.63258 0.99620
0.63785 0.72947 0.15085
0.47621 0.06561 0.14690
0.93462 0.68957 0.40447
0.40172 0.17277 0.80695
0.51443 0.58553 0.77849
0.76922 0.19608 0.15481
0.63510 0.63648 0.51334
0.39037 0.70555 0.74160
0.91425 0.65939 0.94119
0.32116 0.36662 0.21200
0.67428 0.44739 0.24516
0.28318 0.42282 0.46937
0.19376 0.72027 0.24103
0.60505 0.20527 0.33664
0.09061 0.80594 0.31167
1.18036 0.40845 0.96939
0.28282 0.60989 0.98287
0.19791 0.29933 0.21894
0.51020 0.46649 0.90513
0.73970 1.03018 0.77353
0.04701 0.59701 0.66978
0.78288 0.59989 0.06951
0.14277 0.48629 0.07082
0.27960 0.26292 0.84813
0.05662 0.17626 0.94954
0.41352 0.90011 0.27499
0.15756 0.10178 0.11410
0.62206 0.34859 0.26483
0.63656 0.76621 0.46674
0.80201 0.01956 0.00801
0.81352 0.58501 0.45119
0.16410 0.07473 0.57816
0.19156 0.85901 0.08364
0.22822 0.95165 0.73548
0.35855 0.23029 0.38999
0.42041 0.74438 0.74397
0.32952 0.32954 0.36938
0.59452 0.80192 0.08392
0.72693 0.37656 0.93439
0.21101 0.55195 0.40728
0.79606 0.87576 0.00914
0.49737 1.42115 0.70964
0.05461 0.31044 0.55727
0.76380 0.71130 0.35287
0.56487 0.64182 0.43690
0.69762 0.26630 0.15453
0.50303 0.80764 0.88450
0.69587 0.28055 0.43902
0.89571 0.30893 0.36652
0.20529 0.48058 0.35480
0.40375 0.74432 0.97656
-0.00571 3.31326 0.76170
0.07240 0.85088 0.07504
0.08967 0.22123 0.91312
0.13355 0.19205 0.14724
0.56986 0.81011 0.07263
0.88670 0.56299 0.08575
0.45499 0.56513 0.73707
0.06963 0.65176 0.16203
0.44212 0.89853 0.89061
0.33529 0.18348 0.15329
0.44928 -0.91716 0.64082
0.12791 0.00495 0.54280
0.34399 0.71345 0.85739
0.15085 0.86745 0.21669
0.67345 0.21374 0.84172
0.40501 0.23125 0.50956
0.85087 0.92650 0.02509
10.61637 1.37165 0.27271
1.03026 0.25332 0.04249
0.96303 0.39935 0.46542
0.49971 0.19092 0.28184
0.49874 0.39701 0.75198
0.91882 0.78565 0.20715
147.40373 -83.58795 0.65678
0.29111 0.06192 0.59781
0.05041 0.95625 0.63126
0.63572 0.25004 0.54850
0.48238 0.73436 0.74518
0.47630 0.87375 0.50524
0.35956 0.52742 0.93604
-0.00383 0.18060 0.66817
0.14027 0.08052 0.73624
0.85514 0.42104 0.23143
0.15968 0.89155 0.63168
0.71452 0.27497 0.37298
0.16146 0.27827 0.93878
0.63982 0.39919 0.20597
0.45909 0.66054 0.04123
0.29390 0.75494 0.11098
0.06988 0.19408 0.43177
-0.05393 0.25415 0.40097
0.09558 0.73162 0.45656
0.36915 0.25877 0.58626
0.38740 0.54881 0.20345
0.92295 0.44432 0.89662
0.60286 0.58634 0.80609
0.98738 0.86078 0.58845
0.24314 0.87292 0.61606
0.77957 0.28974 0.45413
0.28495 0.59821 0.17523
0.39494 1.05867 0.64749
0.80609 0.29101 0.23901
0.30044 0.66332 0.97734
0.13530 0.97479 0.36662
0.95269 0.73242 0.60536
0.53171 0.45641 0.50437
0.26747 0.18966 0.22271
0.32694 0.07118 0.83160
0.16431 0.11553 0.45791
0.73010 0.07360 0.98252
0.38482 0.30898 0.03844
0.70019 0.38826 0.69960
0.16367 0.71049 0.29247
6.26072 6.83097 0.30488
0.70031 0.58156 0.02755
0.79265 0.25963 0.03701
0.48117 0.14341 0.06747
-0.06684 0.84015 0.80528
0.81232 0.29692 0.55808
0.88074 0.16912 0.56142
0.50315 0.74909 0.83299
0.23007 0.90684 0.23446
0.47940 0.14900 0.82177
1.71271 -0.28841 0.84962
0.81850 0.22897 0.49462
0.05672 0.44562 0.56132
0.48919 0.81185 0.95346
0.64791 0.17655 0.50091
0.19112 0.80376 0.10940
0.81956 0.33545 0.51174
0.94664 0.86962 0.70760
0.49271 0.94123 0.01172
0.90797 0.82704 0.83507
0.78908 0.10209 0.24266
0.25785 0.65780 0.96248
0.76931 0.59311 0.64673
0.36034 0.52513 0.13828
0.67940 0.95386 0.87820
0.52144 0.16656 0.93902
0.35415 0.85524 0.97949
0.95913 0.13286 0.30415
0.63011 0.81375 0.08759
0.84505 0.08564 0.10225
0.57212 0.53156 0.85250
0.06303 0.82174 0.08014
0.29116 0.60705 0.98054
0.64732 0.76877 0.03948
0.94184 0.79803 0.55023
0.08549 0.27641 0.00412
0.10219 0.31767 0.75570
0.60639 0.34494 0.74154
1.66983 0.15672 0.87672
0.27224 0.93244 0.20565
0.81876 0.06425 0.32256
0.41368 0.83937 0.18642
0.47745 0.78636 0.67654
0.26384 0.76838 0.34128
0.02490 0.95905 0.39229
0.14924 0.06053 0.37677
-0.01081 0.97670 0.83875
0.50009 0.86740 0.08306
0.45477 0.14032 0.51231
0.73864 0.43988 0.03638
0.05512 0.57550 0.50331
0.38736 0.29378 0.36665
0.54287 0.80234 0.94865
0.46257 0.01359 0.99552
0.67700 1.00541 0.37719
0.16285 0.74601 0.34055
0.91886 0.18188 0.77332
0.05108 0.56284 0.76717
0.28497 0.14668 0.06949
0.44925 0.73193 0.14172
0.04778 0.09382 0.13198
0.72591 0.11238 0.04943
0.49058 -0.02492 0.62660
0.57988 0.85639 0.06756
0.14131 0.35265 0.09646
0.43711 0.36482 0.03513
0.45909 0.88387 0.84179
0.11871 0.81681 0.74789
0.38832 0.86519 0.41036
0.70195 0.18593 0.78932
0.37774 0.36863 0.40799
0.82643 0.71688 0.84969
0.60020 0.55185 0.46837
0.86924 0.03283 0.37939
0.69463 0.87122 0.01244
0.73120 0.54511 0.79512
0.08879 0.42296 0.43728
0.09214 0.22584 0.40178
0.29167 0.30045 0.99113
0.85673 0.09223 0.81924
0.41193 0.64782 0.11128
0.34029 0.89273 0.78474
0.07670 0.75113 0.89274
0.28530 0.31638 0.55200
1.11074 0.39965 0.37193
0.41495 0.33085 0.21344
0.09776 0.26284 0.23259
0.46781 0.47100 0.47628
0.40024 0.09420 0.99520
0.15041 0.41301 0.21393
0.63923 0.41558 0.27788
0.69132 0.17631 0.80970
0.86951 0.74158 0.11149
0.90223 0.71714 0.49552
1.57700 -4.59407 0.11451
0.52362 0.34526 0.91059
-0.21051 -2.94419 0.09663
0.36799 0.76296 0.51963
0.03245 0.49407 0.74675
1.83337 1.40303 0.62414
0.94171 0.87773 0.22292
0.78318 0.06068 0.26778
0.14995 0.11132 0.11183
0.29364 0.61925 0.73740
0.15971 0.05577 0.05555
0.46123 0.91072 0.33446
0.72612 0.43594 0.79443
0.07108 0.69922 0.66713
0.77263 0.67676 0.49168
0.77109 0.80089 0.84297
0.87898 1.10667 0.74705
0.42462 0.45445 0.70652
0.68673 0.23051 0.00679
0.81624 0.62781 0.04066
0.86189 0.84038 0.62399
0.62355 0.25454 0.31871
0.22071 0.28179 0.15227
0.45673 0.42146 0.98226
0.97717 -0.07281 0.98191
0.61110 0.93142 0.00075
0.30973 0.08943 0.32965
0.38497 0.28850 0.18323
0.68651 0.44364 0.21145
0.10206 0.89091 0.31031
0.15573 0.68409 0.41883
0.36830 0.68759 0.82937
0.41414 0.69971 0.93424
0.74968 0.71512 0.84010
0.59826 0.57117 0.87156
1.00093 0.27437 0.84594
0.16447 0.72121 0.27299
0.71473 0.10122 0.65389
0.84657 0.54511 0.56815
0.94073 0.36446 0.99205
0.87165 0.81403 0.81564
0.77132 0.95633 0.17080
0.81522 0.56799 0.35370
1.67783 3.37519 0.64172
0.66976 0.09000 0.32174
0.87465 0.34714 0.63914
0.94574 0.87421 0.12435
0.64759 0.76146 0.99533
0.59183 1.01605 0.69552
0.17882 0.68631 0.00316
1.31671 -0.59106 0.17936
-0.03895 0.39259 0.76510
0.94787 0.39134 0.88603
0.71314 0.25582 0.07500
0.36723 0.73272 0.69655
0.20093 0.56669 0.21710
0.55640 0.34166 0.34360
0.67697 0.21271 0.48116
0.22164 0.84951 0.83044
0.20335 0.68851 0.35023
0.06526 0.14129 0.89720
0.74509 0.92832 0.39570
0.10244 0.19815 0.90696
-0.15353 1.91648 0.47084
0.79490 0.55884 0.13059
0.29816 0.75869 0.31150
0.31424 0.90964 0.94444
0.95870 0.27662 0.68282
0.17483 0.65039 0.84274
1.19772 0.34907 0.09637
0.68458 0.37325 0.21305
0.09847 0.33916 0.02938
0.33924 0.77305 0.93379
0.88738 0.08124 0.36685
1.00820 1.75205 0.55069
0.46054 0.26922 0.56701
0.05187 0.43154 0.09597
0.73731 0.73430 0.91868
-0.73362 0.58372 0.61625
0.81130 0.19306 0.19415
0.57984 0.32049 0.29280
0.43951 0.65779 0.88113
0.93959 0.25804 0.37512
0.22571 0.97667 0.55772
0.77516 0.23039 0.56191
0.07183 0.47514 0.33874
0.35169 0.91905 0.79605
0.30632 0.84063 0.86565
0.00640 0.33477 0.32580
0.67005 0.08478 0.56696
0.02546 0.00493 0.75111
-3.14820 0.35126 0.78925
0.88788 0.56435 0.94427
0.81734 0.13929 0.78797
-0.05288 0.79004 0.46004
0.69090 0.69391 0.14593
0.35089 0.51564 0.88519
0.80184 0.89704 0.09208
0.83637 0.14262 0.05670
0.04126 0.63689 0.59422
0.58739 0.36630 0.05639
0.87675 0.93836 0.99327
0.05311 0.24001 0.10820
0.83869 0.75414 0.30456
0.57812 0.84326 0.40066
0.16970 0.35403 0.73954
0.45460 0.40291 0.58132
0.83543 0.19279 0.51620
0.56696 0.53033 0.77856
0.03892 0.86532 0.47547
0.28189 0.64248 0.49446
0.12271 0.84103 0.23459
0.09249 0.45214 0.75187
4.33686 -0.01719 0.78021
0.55566 0.19800 0.99419
0.73249 0.47075 0.35170
0.88073 0.93030 0.70863
0.39385 0.95407 0.94450
0.05308 0.21935 0.06849
0.92992 0.38065 0.75975
0.73682 0.80716 0.18394
0.25557 -0.81936 0.06640
0.25534 0.88094 0.56643
0.11903 0.57910 0.67925
0.20461 0.10654 0.58586
0.04660 0.44474 0.18662
0.27043 0.04500 0.21392
0.04739 0.75784 0.61366
0.89521 0.16707 0.52757
0.27185 0.55395 0.93875
0.63692 -0.11512 0.74942
0.39803 0.51661 0.11602
0.26835 0.74410 0.41879
0.51178 0.07265 0.42683
0.69193 0.59565 0.55103
0.72423 0.29646 0.42756
0.67329 0.91788 0.88667
0.43846 0.31353 0.98725
0.59531 0.65613 0.27694
0.06718 0.04823 0.14866
0.82060 0.48817 0.59887
0.08922 0.93407 0.31530
0.80110 0.50242 0.04624
0.92251 0.77291 0.59165
0.30930 0.46388 0.90737
0.63727 0.33144 0.15177
0.22216 0.23039 0.79127
0.49151 0.05895 0.50789
0.29890 0.69456 0.00924
0.96324 0.43180 0.79956
0.68183 0.10249 0.98908
0.70901 0.26838 0.45615
0.89937 0.47322 0.38606
0.43817 0.31920 0.10489
0.31443 0.17164 0.76225
0.68817 0.37848 0.49284
0.05761 0.38699 0.41482
0.64739 0.85902 0.54228
0.27300 0.87898 0.47910
0.51396 0.26883 0.74820
0.45233 0.22995 0.17761
18.39843 7.47085 0.33744
1.15254 0.81019 0.30827
0.62578 0.30987 0.54033
0.49290 0.04515 0.96354
0.74371 0.73737 0.49660
0.59504 0.80910 0.80643
0.07364 0.86538 0.56554
0.30548 0.30001 0.40442
1.34651 0.20509 0.70110
0.95254 0.43761 0.01515
0.37309 0.81207 0.96324
0.50400 0.68790 0.47233
0.69680 0.36371 0.95870
0.55580 0.67446 0.78090
2.11869 4.99223 0.89305
0.63056 0.31066 0.86782
0.09095 0.16221 0.55215
0.62663 0.62454 0.04033
0.74938 0.76067 0.48088
0.44869 0.49518 0.28585
0.12716 0.37440 0.15431
0.72950 0.75898 0.14136
0.56478 0.72746 0.55629
0.86080 0.51057 0.90703
0.15095 0.30896 0.27314
0.64973 0.15262 0.53287
0.06969 0.26092 0.60793
0.24329 0.91754 0.34633
-0.19693 1.24485 0.04266
0.18213 0.20622 0.08428
-9.96981 -0.03373 0.29674
0.69612 0.06801 0.17744
-0.13728 -1.29056 0.21905
0.57157 0.40354 0.47859
0.06153 0.05703 0.39016
0.35739 0.84271 0.29592
0.37141 0.29054 0.68474
0.30095 0.13577 0.19536
0.46190 0.64660 0.82874
0.19167 0.08247 0.87770
0.55456 0.68226 0.19470
0.40749 0.22928 0.48132
-0.15743 -1.64765 0.15057
0.05758 0.45524 0.16607
0.43848 0.81052 0.40433
0.20610 0.86847 0.79778
0.76726 0.31691 0.54001
0.90870 0.52614 0.82428
0.05267 0.20906 0.76101
0.54742 0.71228 0.98864
0.84109 0.36535 0.06990
0.09634 0.34663 0.78884
4.58869 0.18239 0.05042
0.93070 0.39813 0.67316
0.28146 0.75915 0.68165
0.05125 0.77744 0.38634
0.79006 0.87188 0.36569
0.00843 0.94897 0.96736
0.93366 -0.31417 0.68983
0.92418 0.74029 0.70558
0.92112 0.70066 0.88818
0.16743 0.07184 0.20390
0.30763 0.90663 0.52750
0.78800 0.68628 0.01478
0.35361 0.78119 0.04501
0.65652 0.43278 0.89936
0.19870 0.46027 0.77733
0.72826 0.34524 0.83923
0.39433 0.51150 0.97422
0.73013 0.17135 0.08990
0.64793 0.13951 0.77192
0.21089 0.90826 0.29508
0.91338 0.79758 0.45034
0.17901 0.91855 0.96710
0.84628 0.81888 0.81573
0.20538 0.91508 0.05216
0.04628 0.88819 0.31672
0.31859 0.03153 0.64607
0.28339 0.70587 0.18783
0.85581 0.34319 0.29460
0.42783 0.40241 0.45647
0.23956 0.78300 0.90272
0.21350 0.12469 0.92363
0.45075 0.20115 0.01382
0.33072 0.60520 0.48481
0.44414 0.82405 0.36842
0.04651 0.52752 0.96643
0.53643 0.56233 0.28930
0.70156 0.20856 0.89450
0.22063 0.44289 0.82922
0.58316 0.71041 0.92843
114.96388 -31.82375 0.44657
0.30079 0.26449 0.73221
0.61459 0.18365 0.82126
-0.30004 1.65740 0.56306
0.28788 0.44444 0.63044
0.04710 0.03685 0.54799
0.25616 0.83612 0.85418
0.88631 0.01729 0.72609
0.08445 0.58706 0.61535
0.35339 0.52469 0.61409
0.68777 0.64390 0.61596
0.96421 0.77973 0.93739
0.94165 0.88923 0.69479
0.46137 0.37175 0.08831
-0.02451 0.17367 0.01619
0.43550 0.33543 0.15664
0.26165 0.84725 0.94718
0.05876 0.80304 0.07973
0.83341 0.55353 0.18622
0.28267 0.68911 0.64060
0.20917 0.47682 0.64734
0.92614 0.78838 0.70115
0.29438 0.02669 0.54538
-0.07762 0.54234 0.30069
0.21827 0.21381 0.47917
0.24878 0.62125 0.23427
0.50644 0.35248 0.41102
0.38323 0.44256 0.10975
0.75078 0.79181 0.11127
0.38293 0.30186 0.36153
0.41735 0.25205 0.53310
0.17610 0.84301 0.93873
0.42066 0.51293 0.95915
0.36855 0.23992 0.03503
0.08180 0.81245 0.03361
0.23807 0.60226 0.98055
0.11917 0.42708 0.04555
0.64112 0.89444 0.22513
-0.07299 0.90514 0.29651
0.62845 0.86324 0.50459
0.94896 0.07351 0.62796
0.46083 0.40494 0.64731
0.45392 0.73508 0.65145
0.30114 0.36525 0.94882
0.48831 -0.02357 0.32272
0.08041 0.45150 0.51970
0.23413 0.63708 0.24110
0.25345 0.38223 0.65724
0.83081 0.26629 0.52285
-0.23674 1.42557 0.72105
0.64730 0.22313 0.59802
0.01656 0.10114 0.74222
1.27627 -3.97408 0.43182
0.43409 0.82875 0.05394
0.81541 0.22592 0.51786
0.67938 0.44079 0.35571
0.27337 0.58667 0.64707
0.92349 0.72104 0.03563
0.93302 0.87335 0.10791
0.12153 0.20789 0.95119
1.03366 0.66263 0.50217
-15.77976 -0.89229 0.89169
0.88023 0.29875 0.57359
0.93888 0.04472 0.42470
0.58186 0.32880 0.61783
0.29919 0.40570 0.18351
0.09338 0.40174 0.64883
6.62914 -0.59891 0.47143
0.74230 0.81388 0.43407
0.31744 0.98660 0.72166
0.09779 0.86765 0.64550
0.44162 -1.27151 0.01594
0.64494 0.11552 0.15873
0.54169 0.29539 0.14819
0.19339 0.29185 0.90330
0.36487 0.47368 0.53186
0.32905 0.82533 0.51091
0.91817 0.14282 0.09217
-1.01435 -0.70986 0.01134
0.42958 0.43630 0.54566
0.40536 0.02935 0.05990
0.32289 0.16667 0.05455
0.92875 0.87548 0.69530
-0.01823 0.12453 0.73125
0.24710 0.65357 0.82182
0.90322 0.23737 0.01971
0.57202 0.84187 0.38611
3.23438 -0.04178 0.89787
0.12026 0.62081 0.43743
0.18725 0.45629 0.66535
0.06077 0.57377 0.23346
0.48658 0.65282 0.36036
0.72979 0.48863 0.20976
0.46703 0.27999 0.54654
0.09716 0.23155 0.01491
0.77607 0.29187 0.82860
0.42137 0.70423 0.62307
0.02497 0.67116 0.01991
0.76825 0.42859 0.43475
0.90545 0.59411 0.91102
0.65496 0.74193 0.56670
-0.02411 0.10698 0.30539
0.46455 0.28569 0.05849
0.64405 0.64019 0.66008
0.92011 0.68802 0.04990
0.49464 0.90095 0.03886
0.89228 0.04234 0.31249
0.17895 0.07112 0.06195
0.42162 0.15276 0.60355
0.13486 0.19863 0.85080
8.86749 -12.00492 0.47630
0.61324 0.28072 0.63482
0.57288 0.59486 0.68818
0.07655 0.47360 0.64226
0.61310 0.52829 0.23599
0.62184 0.43858 0.46611
0.40228 0.20626 0.51353
0.43051 0.20595 0.31199
0.02013 0.47181 0.12528
0.29297 0.69950 0.85204
0.79119 0.45530 0.51940
0.87105 0.10819 0.24796
0.18711 0.77080 0.23321
0.44458 0.92787 0.01881
0.77240 0.11974 0.04709
0.85537 0.36546 0.89068
-8.04222 12.91793 0.17619
0.01741 0.33793 0.81611
0.28521 0.65911 0.28632
0.87666 0.47131 0.44457
0.92035 0.92901 0.95878
0.30963 0.28804 0.39963
0.67078 0.60074 0.05824
0.17103 0.46073 0.18917
1.91395 1.64997 0.26621
0.09469 0.95952 0.59768
0.58092 0.30619 0.74371
-113.99060 32.42419 0.84220
0.73381 0.35493 0.59355
0.19077 0.98640 0.79695
0.27847 0.95289 0.36592
0.10151 0.15385 0.90980
0.96488 0.63089 0.84844
0.98624 0.83017 0.56753
0.06443 0.40984 0.01632
0.79081 0.38271 0.91485
0.73786 0.85781 0.54386
0.79655 0.38938 0.25520
0.55511 0.96396 0.01334
0.72133 0.84535 0.17484
0.62368 0.15092 0.67507
0.04676 0.80598 0.03287
1.90506 1.95963 0.04312
0.57946 0.67650 0.61380
0.80577 0.60347 0.32428
0.14089 0.83179 0.15263
0.58843 0.24343 0.86865
0.67649 0.65194 0.09338
0.67989 0.41547 0.19326
0.72658 0.25726 0.02972
0.41867 0.48033 0.43375
0.64386 0.61944 0.28207
0.52271 0.65187 0.57826
0.18622 0.72945 0.51627
0.70448 0.63233 0.16055
0.69456 0.47513 0.42215
0.40783 1.00515 0.18893
0.07848 0.48958 0.18265
0.60432 0.21238 0.38068
0.86185 0.84566 0.01802
0.00621 0.61745 0.71277
0.26432 0.64615 0.57965
0.28434 0.39164 0.71666
0.72844 0.62917 0.86304
0.45030 1.18929 0.12741
0.24904 0.93773 0.25428
0.31725 0.52227 0.65814
0.36103 0.56593 0.21074
0.77186 0.20280 0.42489
0.94133 0.11239 0.75402
0.43052 0.16106 0.37832
0.66099 0.59546 0.04677
0.63705 0.39297 0.66140
0.44527 0.63347 0.52586
0.90626 0.15354 0.15685
0.46859 0.80476 0.85500
0.65768 0.31600 0.66556
0.22124 0.71743 0.40762
0.15549 0.62946 0.46150
0.88547 0.83750 0.63028
0.43928 0.64643 0.92252
0.04417 0.44239 0.70636
0.85881 0.08164 0.96403
0.77909 0.86318 0.39257
0.94174 0.38625 0.56311
-4.96717 4.56365 0.84097
0.62555 0.65359 0.07888
0.71224 0.84456 0.78610
0.76390 0.36258 0.78182
0.04229 0.25574 0.27612
0.68245 0.53774 0.20340
0.11734 0.94879 0.25137
0.06154 0.51639 0.32222
0.91361 0.29172 0.61628
0.55867 0.74845 0.00957
0.19141 0.87966 0.16816
0.45258 0.26441 0.49113
0.20141 0.09872 0.30546
0.08019 0.27110 0.98822
1.22491 -0.07684 0.66117
1.09385 0.84272 0.48004
1.03554 0.55741 0.74931
0.86646 0.43574 0.62348
0.24842 0.15372 0.08667
0.40412 0.86612 0.04665
0.69166 0.83915 0.92371
0.32890 0.42616 0.87141
0.69313 0.78277 0.45340
0.95195 0.11077 0.06922
0.38172 0.28274 0.95683
0.06289 0.72057 0.46390
0.82338 1.07032 0.40233
0.66965 0.37498 0.50785
0.26289 0.69978 0.28041
0.70566 0.72732 0.22403
0.30265 0.91943 0.28804
-0.01636 0.94250 0.53830
0.13495 0.58167 0.03104
0.51589 0.19652 0.83593
0.06096 0.62136 0.21218
0.90282 0.30847 0.00957
0.98497 0.43562 0.80933
0.16689 0.13889 0.56377
0.63844 0.70789 0.00596
0.47501 0.42233 0.76059
-1.43916 -1.22944 0.42336
1.64878 1.38547 0.29499
0.53182 0.31965 0.15247
0.08161 0.60516 0.82294
0.31736 0.90461 0.77131
0.94580 0.65175 0.37973
0.77820 0.59861 0.39752
0.65897 0.27698 0.86805
0.42209 0.52023 0.66831
0.76567 0.41044 0.76231
0.43983 0.21584 0.95891
0.43667 0.94985 0.90547
0.77795 0.28549 0.95462
0.49831 0.77079 0.35612
0.29050 1.01930 0.21308
0.36321 0.56769 0.59548
0.62870 0.59559 0.57558
0.83010 0.54364 0.08062
0.63351 0.85418 0.64857
0.91153 0.43093 0.34106
0.28863 0.09223 0.52455
0.58457 0.85002 0.02933
0.67873 0.29035 0.51554
0.58835 0.60022 0.45626
0.93744 0.73585 0.51992
0.00596 0.85912 0.07235
0.27380 0.08923 0.94389
0.61254 0.88664 0.98135
0.91827 0.91430 0.16576
0.39982 0.24718 0.12041
0.42395 0.62164 0.84900
0.17451 0.77679 0.44332
-0.84715 0.43397 0.01313
0.72863 0.04966 0.66468
0.61052 0.64823 0.75917
0.90303 0.43891 0.25667
0.89245 0.40791 0.77776
0.23179 0.17910 0.97411
0.46485 0.87771 0.52292
0.77372 0.84347 0.23691
0.80025 0.27273 0.71373
0.26086 0.44527 0.80604
-1.86094 1.53066 0.81049
0.06520 0.16225 0.43047
0.15617 0.39415 0.19159
0.55214 0.81561 0.46216
0.84211 0.80748 0.58044
0.29819 0.34867 0.63930
1.12281 -0.30459 0.91917
0.20888 0.94162 0.20979
0.03461 0.93356 0.78144
0.86849 0.17683 0.25680
0.83797 0.15290 0.04047
0.72105 0.03833 0.36312
0.74285 0.61590 0.37784
0.48791 0.83863 0.34013
0.25089 0.01331 0.20274
0.26522 0.06109 0.12511
0.35977 0.18177 0.59035
0.56989 0.82940 0.76508
0.14012 0.64511 0.93100
0.31878 0.14389 0.00957
0.03639 0.03558 0.99898
1.06819 0.57738 0.98716
0.39009 0.81700 0.08256
0.39824 0.16767 0.04618
0.30006 0.37622 0.28365
0.97572 0.21104 0.98691
1.19004 0.59891 0.16473
0.86972 0.84765 0.44261
0.28522 0.37443 0.35309
0.16952 0.21652 0.67632
0.57168 0.53114 0.79984
0.97648 0.45641 0.23717
0.29797 0.04690 0.34205
0.97972 0.49101 0.14492
0.28716 0.16509 0.58700
0.28406 0.68850 0.82119
0.55656 0.41674 0.52180
0.89527 0.32378 0.63202
0.08411 0.80960 0.51249
0.23022 0.58312 0.28265
0.83367 0.62940 0.36132
0.45218 0.04677 0.02124
0.42566 0.89095 0.84466
0.68951 1.05092 0.18280
0.82421 0.29373 0.48140
0.62713 0.72724 0.78672
0.86074 0.80110 0.78396
0.63800 0.61394 0.46710
0.50504 0.53853 0.80764
0.69059 0.89223 0.70014
0.37168 0.40528 0.76073
0.41963 0.92500 0.68239
0.49675 0.50548 0.47791
-80.70833 -206.85951 0.30041
0.11845 0.11015 0.37199
0.49524 -0.04481 0.82128
0.27006 0.66238 0.79663
0.42113 0.45924 0.84233
0.82167 0.30960 0.57993
0.75577 0.79862 0.18137
0.04063 0.49985 0.68478
0.13829 0.56014 0.67052
0.54114 0.89801 0.18537
0.17400 0.78701 0.19944
0.16203 0.00233 0.66835
0.08093 0.49964 0.07204
0.38493 0.27963 0.31609
0.16494 1.01073 0.82485
0.44524 0.71446 0.93819
0.56062 0.89929 0.99167
0.86631 0.22125 0.22096
0.92037 0.84887 0.93742
0.14886 0.09806 0.74132
0.12512 0.44653 0.91401
0.23260 0.20674 0.71309
0.67418 0.11684 0.32617
0.68375 0.12590 0.50131
0.68436 0.79775 0.25818
0.49615 0.11523 0.34126
0.88102 0.53412 0.61777
0.48934 0.51476 0.08172
0.58170 0.89278 0.00398
2.35451 1.31344 0.49319
0.79638 0.93699 0.17378
0.46913 0.85276 0.05495
0.49556 0.89082 0.53789
1.69908 -2.81747 0.13971
0.06086 0.51329 0.47698
0.24384 0.08253 0.62488
0.89785 0.69407 0.33349
0.92204 0.49119 0.52925
0.47224 0.87288 0.08928
0.40957 0.87896 0.71074
0.07195 0.52354 0.79753
0.42571 0.82246 0.30729
0.17733 0.92528 0.82900
0.46902 0.19727 0.60930
0.64027 0.75817 0.98977
0.37228 0.77743 0.26778
0.77382 0.88867 0.09874
0.15437 0.89208 0.75863
0.58832 0.28429 0.98805
0.96917 0.31157 0.80151
0.50809 0.14199 0.12813
0.11634 0.73422 0.48365
0.25113 0.22321 0.06486
0.84206 0.71184 0.22012
0.53967 0.74986 0.17661
0.10177 0.89856 0.97856
0.98299 1.03302 0.82827
0.60020 0.58827 0.96174
18.09922 8.40314 0.22374
0.31150 0.53010 0.21816
0.75073 0.21313 0.25240
0.45350 0.93017 0.66315
0.79840 0.30714 0.69696
0.78624 0.07141 0.61168
0.30832 0.07238 0.99905
-0.02881 0.65435 0.99543
0.27529 0.36946 0.91643
0.13036 0.39525 0.69997
0.20815 0.82760 0.64067
0.90375 0.24904 0.18593
0.96869 0.81938 0.13672
0.78587 0.20181 0.19341
0.93239 0.14664 0.12431
0.55648 0.62133 0.75760
0.30531 0.91876 0.31955
0.76543 0.12351 0.52130
6.78824 -4.53932 0.67590
0.38000 0.61379 0.00471
0.52584 0.06437 0.00774
0.74898 0.72491 0.37126
0.31331 0.21347 0.54445
0.03630 0.21314 0.44664
0.55255 0.64749 0.46245
0.84402 0.28604 0.47238
0.25888 0.93023 0.68063
0.44561 0.66295 0.35669
1.05888 0.82358 0.98775
0.52718 0.11024 0.74378
0.22655 0.93897 0.68634
0.16833 0.39967 0.94658
0.29087 0.61285 0.41917
0.66873 0.42587 0.79683
0.70113 0.80751 0.38152
0.14444 0.70034 0.57038
0.84071 0.60105 0.79948
0.61400 0.38794 0.92609
0.14948 0.93405 0.27824
0.87252 0.42016 0.05824
0.26885 0.84703 0.97248
0.81266 0.90267 0.56041
0.66971 1.02004 0.07210
0.31236 0.33733 0.09920
0.35906 0.26009 0.31491
1.00651 0.67134 0.94256
0.14669 0.52270 0.76508
0.08964 0.95088 0.15453
0.27356 0.25880 0.94516
0.86448 0.39102 0.38958
0.22101 0.31375 0.47803
0.18410 0.65220 0.78575
0.82153 0.86149 0.83755
0.35876 0.39198 0.32538
0.54586 0.67636 0.55106
0.45915 0.50887 0.18599
0.12602 0.39105 0.27041
0.08092 0.86051 0.06968
0.71508 0.21162 0.83275
0.65426 0.58863 0.45502
0.52345 0.78879 0.69949
0.19828 0.39417 0.55856
0.13021 0.90889 0.66634
0.73559 0.69607 0.95379
0.45158 0.35021 0.55208
0.25545 0.51343 0.95247
0.84902 0.76642 0.13966
0.34484 0.07119 0.68907
0.22629 0.93591 0.71998
0.04318 0.31000 0.47535
0.80821 0.84687 0.22428
0.39382 0.30019 0.62359
0.47424 0.61065 0.56027
0.46781 -0.62931 0.82198
0.65683 0.07145 0.47242
0.13344 0.28697 0.85237
0.82802 0.30583 0.40356
0.08951 0.65032 0.70616
1.17400 0.76955 0.81825
0.71338 0.19194 0.11523
0.19620 0.35590 0.58065
0.45092 0.74008 0.08564
0.09654 0.74970 0.62504
0.33362 0.45436 0.40256
0.04458 0.57262 0.67479
0.86003 0.66432 0.76783
0.87963 0.88601 0.64543
0.59207 0.02722 0.29338
0.64159 0.01413 0.31509
0.49362 0.70259 0.08656
0.36612 0.37209 0.81866
0.58433 0.30798 0.90023
0.89857 0.33123 0.01667
1.94286 3.07260 0.55072
0.83479 0.37386 0.69590
1.11973 1.02735 0.54032
0.71890 0.32272 0.21026
0.51033 0.34912 0.92873
0.58977 0.33184 0.27496
0.70303 0.23304 0.91895
0.77886 0.87323 0.13595
0.34993 0.80784 0.95112
0.33740 0.12297 0.28441
0.87858 0.31770 0.21860
0.78800 0.15664 0.27032
0.38738 0.42949 0.29606
0.04358 0.22317 0.10400
0.20665 0.86934 0.30331
0.23333 0.68406 0.89588
0.08610 0.34259 0.66097
0.60637 0.03166 0.28840
0.22168 0.51121 0.42551
0.87521 0.73336 0.72021
0.18008 0.77247 0.21936
0.88501 0.26699 0.70749
0.45384 0.46892 0.89232
0.95630 0.21139 0.13495
0.08177 0.66914 0.24064
0.05257 0.24658 0.76642
0.69877 0.45134 0.83488
0.37756 0.61268 0.87355
0.21381 0.20191 0.33503
-0.69909 0.17924 0.99294
0.23476 0.38610 0.67867
0.13168 0.58591 0.49653
0.80722 0.84051 0.97924
0.76770 0.69828 0.72431
-0.01404 0.25134 0.34377
0.05470 0.79565 0.79727
0.10061 0.22319 0.55057
0.70291 0.56297 0.26233
0.17796 0.12756 0.21633
0.47941 0.70083 0.25531
0.08103 0.94283 0.09295
0.88664 0.70852 0.50341
0.06699 0.40350 0.04864
0.15567 0.71228 0.86584
0.12174 0.74274 0.85608
0.91743 0.02314 0.00126
0.92427 0.84376 0.68381
0.39433 0.39884 0.02050
0.75967 0.66836 0.56094
0.06575 0.79007 0.58021
0.40880 0.82951 0.61821
0.67478 0.44822 0.13504
0.53108 0.30940 0.76457
0.60411 0.81802 0.11342
0.88864 0.05125 0.27014
0.67430 0.28438 0.96927
0.43470 0.41026 0.36821
1.01890 0.89158 0.15517
0.14382 0.29701 0.23402
0.19910 0.07179 0.98681
0.35646 0.95824 0.46160
0.94401 0.73205 0.59099
0.58451 0.59126 0.54886
0.83523 0.75349 0.00226
0.91760 0.89623 0.77419
0.08568 0.31291 0.86610
0.37856 0.96869 0.76039
0.72789 0.72318 0.70794
0.86889 0.84301 0.98531
0.79184 0.50686 0.72719
0.37466 0.93401 0.00664
0.65905 0.32769 0.83481
0.06399 0.55658 0.65823
0.49973 0.22709 0.13645
0.75308 0.15865 0.33027
0.68116 0.63181 0.58914
0.28222 0.45159 0.00581
0.66629 0.45812 0.58432
0.87234 0.30826 0.51866
0.13489 0.94405 0.37111
0.78015 0.60790 0.47068
0.13043 0.23732 0.67899
0.62502 0.87358 0.28975
0.64075 0.19126 0.89943
0.24749 0.58252 0.04034
0.34890 0.49554 0.31372
0.71327 0.41529 0.84968
0.84762 0.03430 0.81961
1.18731 0.49974 0.01637
0.30142 0.10160 0.12037
0.53484 0.00902 0.07442
0.35111 0.88573 0.61408
0.31513 0.49436 0.75091
0.13756 0.51818 0.52815
0.26361 0.25846 0.90652
0.52885 0.61104 0.44741
0.19127 0.82761 0.04504
0.92825 0.80342 0.34241
0.51267 0.22210 0.31705
0.07026 0.38289 0.71151
0.12129 0.07250 0.22415
1.04591 0.44463 0.19203
0.31541 0.36223 0.79268
0.50313 0.16014 0.94608
0.39190 0.33524 0.60481
0.65445 0.87885 0.85105
0.94363 0.78008 0.25116
0.78520 0.62632 0.43914
0.77572 0.14381 0.65387
0.15306 0.24664 0.57447
0.34452 0.37791 0.25814
0.56264 0.56714 0.88250
0.94587 0.20452 0.55068
0.72273 0.69419 0.59121
0.34765 0.56925 0.24428
0.83262 0.80432 0.09767
0.56952 0.03805 0.21174
0.17588 0.71389 0.45869
0.63735 0.46814 0.27896
0.68128 0.11158 0.48873
0.29956 0.82733 0.37315
0.35671 0.24958 0.45507
0.84812 0.69348 0.54962
0.86172 0.23353 0.28805
0.51884 0.84530 0.46737
0.40096 0.79026 0.23580
0.11281 0.21773 0.92689
0.07061 0.74064 0.01168
0.91329 -0.00590 0.88473
0.96579 0.94358 0.03509
0.68392 0.91850 0.07294
0.91349 0.82202 0.70392
-2.15020 1.72508 0.55248
0.83478 0.85419 0.87290
0.60393 0.63219 0.10735
1.36367 0.24466 0.54573
0.32612 0.84703 0.91866
0.49496 0.34958 0.23759
0.75569 0.76686 0.59811
0.45754 0.17131 0.54343
0.06965 0.90172 0.66523
0.28750 0.04700 0.38496
0.56044 0.33798 0.49351
0.25911 0.62625 0.73224
0.87046 0.78209 0.80163
0.73155 0.70458 0.49695
0.46572 0.71039 0.46294
0.39013 0.29498 0.19970
0.91700 0.48212 0.64421
0.53051 0.03440 0.33041
0.25482 0.27977 0.68441
0.10460 0.29182 0.09182
0.26334 0.09474 0.83480
0.84649 1.09616 0.66588
0.64398 0.15613 0.43254
0.13548 0.41194 0.57707
-0.40240 -1.32179 0.38186
-6.37502 7.59297 0.64256
0.06910 0.69802 0.03709
0.36372 0.22670 0.01502
0.92614 0.62994 0.91865
0.12832 0.43505 0.35902
0.08741 0.87307 0.29197
0.49394 0.45334 0.12609
0.71856 0.25091 0.42043
0.44904 1.97514 0.49462
0.70996 0.12241 0.72844
0.32207 0.98992 0.13108
0.47114 0.43723 0.90342
0.78662 0.69203 0.88775
0.53509 0.31836 0.07410
0.04292 0.12288 0.26047
0.39780 0.82885 0.99129
0.69271 0.84665 0.46576
0.87969 0.65881 0.91218
0.63532 0.54499 0.93999
0.98819 0.33417 0.12108
0.69677 0.32077 0.06906
0.59146 0.66406 0.10585
0.18527 0.93506 0.33550
0.80155 0.38141 0.97977
0.50630 0.92681 0.67493
0.32861 0.05199 0.92739
0.05215 0.48304 0.88237
0.04614 0.30935 0.30714
0.92505 0.81613 0.60304
0.30415 0.67501 0.87228
0.07000 0.65666 0.77404
0.76933 0.49875 0.97764
0.40520 0.81041 0.43081
0.74809 0.77376 0.12878
0.17647 0.23509 0.08622
0.14997 0.21847 0.83935
0.07696 0.76784 0.22283
0.35350 0.50197 0.84835
0.72782 0.78209 0.45829
0.89884 0.68621 0.13239
0.47688 0.53178 0.03684
0.39050 0.16479 0.57518
0.35188 0.17333 0.78871
0.64241 0.00227 0.45710
0.69216 0.75506 0.36506
1.04389 0.68467 0.98736
0.62219 0.06633 0.08506
0.94229 0.77797 0.14605
0.91911 0.39591 0.22235
0.27013 0.45841 0.68397
0.94010 0.84930 0.11279
0.46458 0.21685 0.71441
0.27871 0.85132 0.14586
0.72561 0.09495 0.26433
0.55070 0.21403 0.83061
0.15095 0.72301 0.17363
0.24394 0.92114 0.52094
0.48910 0.34936 0.63895
0.71610 0.58350 0.56784
0.35189 0.07291 0.34492
0.48127 0.43730 0.69562
0.33485 0.49597 0.35936
0.61028 0.84315 0.35654
0.64939 0.88166 0.32617
0.56884 0.93707 0.19475
0.62584 0.92234 0.68894
0.03766 0.72886 0.26602
0.08071 0.22707 0.27753
0.43456 0.62377 0.65223
0.71390 0.73439 0.83980
0.20111 0.87996 0.99145
0.39556 -0.13437 0.52333
0.56628 0.75917 0.46437
0.60521 0.23477 0.19157
0.11661 0.65820 0.91779
0.74169 0.26988 0.11813
0.25694 0.91172 0.21784
0.05673 -0.04542 0.38218
0.29500 0.78290 0.27281
-14.65663 1.31933 0.17951
0.96083 0.38064 0.69234
0.18569 0.49547 0.93539
0.09269 0.29090 0.18155
0.67196 0.21020 0.22576
0.78591 0.22206 0.86764
0.56814 0.72599 0.47715
0.67235 0.54019 0.27118
-0.45531 1.97293 0.80176
0.54545 0.92503 0.84221
0.12319 0.06992 0.03327
0.10314 0.50956 0.75026
0.82301 0.95573 0.97920
0.92462 0.70174 0.77871
0.33101 0.35471 0.78110
0.28092 -0.17521 0.02018
0.84995 0.61382 0.94380
0.97256 0.09401 0.16373
0.23512 0.66640 0.13142
2.44415 1.38725 0.14901
0.59445 0.83674 0.31051
0.73529 0.05764 0.70022
0.45515 0.58403 0.71246
0.40735 0.21045 0.21839
0.10351 0.82811 0.66096
0.08336 0.53238 0.55386
0.48417 0.90397 0.34034
0.74718 0.73897 0.11010
0.83865 0.69906 0.28142
0.50346 0.14763 0.44103
0.14042 0.95642 0.66615
0.80057 0.71787 0.48968
0.17074 0.83597 0.52096
0.32773 0.70346 0.69333
0.46179 -0.00726 0.27511
0.74820 0.28515 0.00788
0.16587 0.59603 0.44447
0.16738 0.51259 0.32559
0.50273 0.20617 0.20288
0.15433 0.93489 0.87114
0.86503 0.78520 0.83153
0.64138 0.81435 0.30057
0.78518 0.09917 0.41595
0.35167 0.86715 0.19524
0.26383 0.94422 0.86867
0.66361 0.47245 0.99073
0.37491 0.55313 0.49351
0.17293 0.55603 0.17757
0.32845 0.26690 0.23609
-0.04514 0.39670 0.34579
0.83171 0.09972 0.80977
0.08953 0.03330 0.12533
0.56889 0.03598 0.55198
0.66553 0.38011 0.07167
0.60962 0.30818 0.39890
0.14949 0.52492 0.41506
0.42981 0.86742 0.66702
0.61570 0.70326 0.63184
0.56348 0.59490 0.70971
0.27286 0.51891 0.62963
-0.08171 1.70909 0.26359
0.92057 0.66947 0.94386
1.07211 0.00087 0.71458
0.40609 0.89135 0.20384
0.42157 0.90155 0.98749
0.31545 0.96362 0.52071
0.20651 0.72374 0.54353
0.84057 0.42812 0.12072
0.45334 0.83048 0.18119
0.94852 0.15255 0.40168
0.48404 0.07801 0.86209
0.17497 0.17163 0.77803
0.15929 0.21296 0.59256
0.49837 0.86597 0.67667
0.67390 0.53614 0.84528
0.08069 -0.67474 0.05921
0.00408 0.39630 0.25175
0.11820 0.26269 0.25742
0.89035 0.50082 0.21244
0.62961 0.38470 0.56166
0.06157 0.70618 0.48580
0.17267 0.06128 0.58847
0.08644 0.36142 0.04702
0.78407 0.35513 0.66684
0.21529 0.69447 0.08105
0.16775 0.48606 0.09742
0.40844 0.92680 0.91104
0.83486 0.26487 0.34214
0.54881 0.87231 0.97087
0.04195 0.84953 0.44383
0.94892 0.63043 0.93850
0.43379 0.87341 0.40833
0.37939 0.25148 0.38286
0.89461 0.03912 0.13363
0.42947 0.52428 0.50795
0.13552 1.07680 0.96280
0.21931 0.19196 0.80079
0.87381 0.50957 0.77798
0.78091 0.21717 0.88668
0.91752 0.81298 0.75364
0.94053 0.19360 0.57075
0.46255 0.47933 0.87066
0.61220 0.41361 0.27617
0.83234 0.87077 0.95225
0.86132 0.41363 0.31682
0.34618 0.38634 0.50625
0.39404 0.41324 0.95787
0.15105 0.27282 0.42309
0.97020 0.92468 0.92593
0.76599 0.51391 0.00224
0.17190 0.55960 0.85213
0.18921 0.60433 0.45383
0.85886 0.04690 0.63540
-0.06182 1.55947 0.84361
0.13935 0.20222 0.71865
0.74755 0.33336 0.97171
0.54718 0.17119 0.55605
0.87661 0.60674 0.66517
0.46996 0.66151 0.38907
0.91489 0.58882 0.85347
0.86864 0.67118 0.31466
0.28689 0.47907 0.07561
0.95075 0.10135 0.71968
0.79456 0.21193 0.52698
0.49903 0.72096 0.91358
0.62208 0.35330 0.38884
0.75321 0.19043 0.22091
1.10571 0.23176 0.54744
0.49664 0.18125 0.86178
0.88513 0.27322 0.96167
0.26655 0.31836 0.94578
0.91659 1.06106 0.02402
0.95583 0.60725 0.20831
0.29846 0.91611 0.02339
0.49082 -0.12921 0.74640
0.47905 0.43656 0.87778
0.27967 0.35674 0.23672
0.69592 0.48935 0.28749
0.35246 0.62807 0.63567
0.62189 0.34177 0.33732
0.69324 0.68280 0.35639
0.36554 0.41088 0.42455
0.44472 0.81634 0.11644
0.24396 1.75804 0.30095
16.08262 2.43204 0.63846
0.87240 0.45650 0.67845
0.44676 0.02577 0.46260
0.05113 0.42473 0.82461
0.79174 0.67975 0.54914
0.50496 0.54698 0.62716
0.68107 0.62751 0.26242
-0.19133 0.98918 0.39623
0.44958 0.43957 0.57906
0.74610 0.48417 0.41940
0.85200 0.72655 0.69047
1.18751 0.24385 0.81969
0.12969 0.69933 0.75886
0.80568 0.23473 0.66119
0.17854 0.34595 0.25942
0.29845 0.60999 0.22915
0.44892 0.20776 0.05336
0.56175 0.69700 0.40362
0.11499 0.93628 0.96222
0.32693 0.71721 0.27021
0.27712 0.17828 0.76604
0.64484 0.50574 0.57070
0.34425 0.56478 0.76652
0.89740 0.81454 0.20239
0.79378 0.90106 0.56999
0.07675 0.84224 0.41297
0.38785 0.23361 0.50193
0.43323 0.84258 0.13541
0.49955 0.85832 0.68930
0.96312 0.10237 0.27940
0.08412 0.53632 0.30544
0.09501 0.56533 0.73077
0.91782 0.82887 0.42636
0.29374 1.06501 0.47104
0.57320 0.23226 0.00426
0.57287 0.12611 0.26546
0.80979 0.59516 0.70513
0.54628 0.68386 0.96519
0.55123 0.06666 0.69330
0.51064 0.92222 0.17533
0.28204 0.13997 0.68367
0.67097 0.87847 0.23140
0.11811 0.12632 0.38460
0.84308 0.66472 0.77560
0.78294 0.06696 0.08693
-0.07385 0.09040 0.12376
0.18254 0.83000 0.33473
0.52912 0.36715 0.04757
0.39193 0.80566 0.81190
0.23571 0.36251 0.75576
0.08340 0.68261 0.98987
0.93563 0.05145 0.98701
0.86683 0.25032 0.37307
0.28198 0.29705 0.12435
0.32065 0.61429 0.54505
0.12037 0.05136 0.03069
0.24091 0.25045 0.32262
0.16607 -0.06496 0.70990
0.24589 0.85875 0.57694
0.22236 0.41775 0.84275
0.30919 0.46468 0.71479
0.74790 0.13304 0.21867
0.47575 0.06660 0.02264
0.66747 0.21203 0.76344
0.09284 0.94370 0.52496
0.23663 0.06657 0.61698
0.33218 0.63497 0.20929
0.54021 0.80493 0.97963
0.87811 0.94972 0.81469
0.91749 0.28958 0.37032
0.66968 0.40295 0.44946
1.01937 0.79862 0.78877
0.55714 0.95050 0.69157
0.81163 0.55630 0.45307
0.40579 0.32388 0.32379
0.61695 0.05256 0.10530
1.13534 0.80703 0.72028
0.84291 0.15769 0.96585
0.50182 0.37504 0.59686
0.95821 0.75084 0.54930
0.45926 0.21669 0.33521
0.11852 0.65885 0.61436
0.60222 0.11529 0.47223
-0.09677 1.13705 0.73138
0.28833 0.52589 0.77242
0.55138 0.51400 0.12829
0.78620 1.16649 0.67157
0.11542 0.92180 0.37845
0.08660 0.41611 0.54891
0.60985 0.07371 0.58746
0.19730 0.15702 0.29972
0.74099 1.63462 0.19843
0.24115 0.28135 0.94457
0.57083 0.57076 0.98978
0.79762 0.61145 0.14561
0.75534 0.82079 0.10854
0.25353 0.85539 0.53551
0.77793 0.93449 0.48201
0.01453 0.65334 0.27593
0.18845 0.51250 0.80316
0.14015 0.50928 0.20023
0.41484 0.22111 0.38783
0.04203 0.75125 0.31927
0.58336 0.29079 0.50196
0.16214 0.73589 0.31140
0.77176 0.48226 0.92875
0.50765 0.55266 0.12125
2.15385 -0.38827 0.09834
0.87608 0.08513 0.87983
0.42824 0.23277 0.38562
0.08583 0.87596 0.55138
0.51290 0.41649 0.17188
1.10314 0.52117 0.05793
0.17917 0.75158 0.95631
0.95596 0.32664 0.43829
0.73543 0.24909 0.90496
0.20693 0.83324 0.30039
1.02278 1.01015 0.54263
0.38258 0.72467 0.64230
0.31399 0.07897 0.80517
0.23469 0.10869 0.08602
0.29839 0.57429 0.14873
0.18408 0.13490 0.30651
0.23119 0.76366 0.95069
0.88586 0.31175 0.74838
0.28521 0.95003 0.61512
0.67582 0.70244 0.00427
1.24694 1.45133 0.68000
0.45571 0.27945 0.11691
0.49508 0.85360 0.23062
0.43371 0.92072 0.58040
0.33577 0.08352 0.48079
0.11233 0.70771 0.90237
-0.65842 -1.72792 0.85070
0.12915 0.24296 0.47987
0.67755 0.13999 0.75543
0.75478 0.21532 0.97717
0.17095 0.15391 0.24973
0.56106 0.25701 0.87976
0.12354 0.35615 0.44424
23.11596 -3.37150 0.90565
0.66380 0.40098 0.02295
0.05787 0.67785 0.96956
0.67389 0.86439 0.93730
0.51139 0.31719 0.13047
0.08313 0.06566 0.12470
0.33043 0.53730 0.60386
0.81339 0.23028 0.18694
0.57937 0.84802 0.76042
0.08028 0.77211 0.33748
0.61612 0.71674 0.68895
0.39988 0.38643 0.20417
0.12525 0.93540 0.60111
0.09232 0.81003 0.52956
0.30187 0.62905 0.73819
0.88294 0.16171 0.29027
0.85258 0.60266 0.15962
0.84591 0.82960 0.63713
0.81508 0.31962 0.96804
0.29236 0.67623 0.29648
0.42655 0.97812 0.12705
0.78002 0.26860 0.47645
0.51844 0.93037 0.35862
0.51180 0.00590 0.06181
0.51675 0.09723 0.58255
0.26580 0.79985 0.89359
0.44443 0.25416 0.51688
0.43768 0.81696 0.56686
0.04882 0.37963 0.62323
0.95044 0.31878 0.21535
0.07577 0.37783 0.50453
-0.14481 2.90474 0.00394
0.06717 0.16491 0.37922
0.26773 0.78261 0.17344
0.05329 0.85397 0.43673
0.01524 0.54127 0.93544
0.55519 0.93266 0.12443
0.29688 0.49175 0.21133
0.17762 0.59739 0.42049
2.03284 0.08995 0.56495
0.57865 0.25726 0.82421
0.39752 0.21595 0.62680
0.27077 0.65456 0.14866
0.89448 0.73636 0.56330
0.21054 0.79361 0.62493
0.08809 0.96223 0.73209
0.74750 0.81529 0.09810
0.37076 0.25431 0.45727
0.08271 0.03040 0.65709
0.42665 0.79369 0.09907
0.29674 0.40052 0.30084
0.67476 0.24550 0.26073
0.63528 0.97798 0.90727
0.75359 0.57406 0.32847
0.77238 0.57933 0.74161
0.11617 -0.00235 0.87348
0.73919 0.54539 0.44617
0.14104 0.12681 0.54937
0.77264 0.55991 0.40546
0.89060 0.31212 0.42878
0.86235 0.80998 0.41746
0.42709 0.76244 0.93220
0.44075 0.90935 0.23167
0.11218 0.34055 0.51417
0.61824 0.03329 0.61883
0.40049 0.78819 0.39748
0.59943 0.94731 0.30737
0.76155 0.56953 0.43356
0.56005 0.46759 0.37398
0.59003 0.76122 0.40125
0.60156 0.26740 0.52040
0.14156 0.09433 0.70866
0.62084 0.76629 0.08812
0.57076 0.48953 0.13559
0.04028 0.92285 0.69154
0.46689 0.17544 0.77099
0.44847 0.39629 0.90659
0.94802 0.85711 0.94346
0.81644 0.51841 0.25631
0.33730 0.49038 0.64250
0.91093 0.76155 0.05858
0.74600 0.37724 0.80489
3.18472 -0.34660 0.62419
0.41078 0.11599 0.23102
0.52563 0.53575 0.77472
0.37782 0.36827 0.97854
0.91742 0.36152 0.65447
0.93536 0.71575 0.35277
0.72240 0.58928 0.37106
0.51992 0.62646 0.33114
0.39795 0.74226 0.47754
0.55005 0.30121 0.69431
0.11245 0.47304 0.59085
0.66736 0.63459 0.01853
0.24166 0.06276 0.32649
0.96730 0.06104 0.47239
0.88589 0.69656 0.14159
0.06954 1.00968 0.03718
-122.97094 97.46372 0.90434
0.20843 1.04904 0.55598
0.58840 0.38471 0.68905
0.22063 0.95873 0.63067
0.12994 0.10258 0.58133
0.43743 0.46876 0.52800
0.90077 0.42775 0.23874
20.58112 -19.77560 0.17219
0.58557 0.51621 0.46345
0.07948 0.35169 0.67303
0.67049 0.18397 0.02775
0.63300 0.53070 0.40902
0.93423 0.25150 0.11035
0.92889 0.34372 0.27954
0.79564 0.78225 0.82551
0.05616 0.64929 0.56185
0.89811 0.54830 0.93064
0.76230 0.79639 0.42601
1.33260 0.07260 0.46362
0.32986 0.24950 0.85850
0.41014 0.20087 0.11967
0.42483 0.11968 0.97417
0.40030 0.33651 0.98434
0.24495 0.02934 0.87540
0.73709 0.08507 0.37326
0.58530 0.98736 0.24033
0.06822 0.45492 0.17586
1.40539 0.79325 0.03552
0.46395 0.15034 0.15115
0.90783 -0.04252 0.13922
0.15714 0.60484 0.25082
0.18844 0.44222 0.12006
0.66420 0.77825 0.65721
0.94057 0.06945 0.22993
0.71526 0.62495 0.82436
0.75856 0.37100 0.94839
0.44360 0.09306 0.04579
0.31279 0.32985 0.54218
0.57248 0.18902 0.67980
0.62831 0.33497 0.02561
0.05247 0.34049 0.68904
0.77491 0.68891 0.93441
0.83003 0.86908 0.01647
0.22371 0.87754 0.33325
0.15000 0.68382 0.81557
0.40224 0.19013 0.19922
0.70169 0.75845 0.65471
0.65415 0.49655 0.76276
0.94939 0.83903 0.08452
0.90808 0.31101 0.51409
0.84854 0.71211 0.28212
0.30114 0.15170 0.76360
0.52814 0.61454 0.99422
0.95405 0.67931 0.93547
0.08159 0.57892 0.64717
0.47488 0.51198 0.05114
0.51465 0.40573 0.59539
0.15611 0.78004 0.78548
0.96326 0.84037 0.78099
0.22571 0.84735 0.11514
0.07964 0.97236 0.77909
0.10354 0.67351 0.21546
0.41228 0.80773 0.28294
0.95034 0.15915 0.40038
0.65494 0.18533 0.26167
0.25646 0.27646 0.01085
0.87929 0.37490 0.16426
0.82044 0.18070 0.11899
0.66923 0.09647 0.22294
0.75834 0.87770 0.63103
0.33830 0.03946 0.55871
0.55278 0.48507 0.94743
0.39198 0.86624 0.44157
0.20919 0.42184 0.19425
0.53632 0.53714 0.24006
0.72373 0.48741 0.89191
0.44719 0.88786 0.59243
0.12491 0.24244 0.80840
0.11932 0.20867 0.33255
0.72550 0.82905 0.75013
0.44505 0.24710 0.21635
0.40704 0.10161 0.32987
0.38976 0.26912 0.85282
0.58651 0.42295 0.75033
0.13430 0.03396 0.31005
0.29113 0.77340 0.32318
0.17971 0.12053 0.52112
0.17525 0.31149 0.55598
0.68098 0.04133 0.55954
0.80658 0.19210 0.95837
0.35499 0.40040 0.50420
0.14802 0.18981 0.55799
0.93882 0.77469 0.77025
0.60075 0.74374 0.11164
0.76386 0.64164 0.85866
0.23507 0.35465 0.33132
0.95341 0.52498 0.25940
0.27382 0.45676 0.99838
0.83939 0.20483 0.46417
0.78940 0.08653 0.83252
0.75243 0.61616 0.54955
0.31585 0.94679 0.54260
0.57888 0.68811 0.74118
0.35522 0.51666 0.48900
0.54130 0.42434 0.30847
0.20989 0.93715 0.04555
0.52710 0.98995 0.64905
0.38362 0.21542 0.44109
0.02442 0.78492 0.94916
0.91922 0.54548 0.94269
0.62061 0.33284 0.07027
0.00030 1.00853 0.99788
0.68223 0.86327 0.40669
-0.83214 0.14975 0.37936
0.08157 0.40547 0.10716
0.75734 0.67534 0.56771
0.77870 0.46449 0.08678
0.90383 0.78321 0.62458
0.16896 0.33880 0.82980
-2.83671 -0.95465 0.14940
0.67301 0.11229 0.42255
0.69909 0.74890 0.86067
0.47829 0.78335 0.42037
0.88467 0.43544 0.62193
0.15268 0.32684 0.24177
0.36730 0.65333 0.84681
0.36176 0.67473 0.26528
0.08838 1.56981 0.04364
0.35676 0.21418 0.93325
-0.38495 -4.28963 0.56028
0.00852 0.59476 0.18805
0.28822 0.21536 0.28914
0.08819 0.95239 0.64627
0.02920 0.03266 0.20186
0.88838 0.07344 0.49920
0.11321 0.63409 0.63130
0.58431 0.37248 0.58665
0.10120 0.09998 0.48984
0.13366 0.95248 0.12405
1.12651 0.03342 0.41090
0.52954 0.47673 0.34100
0.62197 0.07685 0.31447
0.79198 0.41969 0.92796
0.58514 0.65144 0.95432
0.14141 0.10916 0.32036
0.12896 0.34525 0.28341
0.35271 0.08682 0.19302
0.22078 0.54891 0.77512
0.75493 0.43941 0.97193
0.91340 0.84423 0.23236
0.13206 0.15036 0.12970
0.74142 0.53722 0.08504
0.87572 0.93262 0.86200
0.40376 0.28597 0.62326
0.30767 0.84521 0.78755
0.05231 0.03722 0.07977
0.63709 0.97496 0.94227
0.30167 0.86092 0.57261
0.68330 0.39077 0.70746
0.03211 0.71370 0.91563
0.32849 0.40053 0.17138
0.54599 0.42010 0.80125
0.98294 0.36893 0.02001
0.77194 0.59913 0.95308
0.97917 0.06267 0.77688
0.86865 0.07880 0.76640
0.85202 0.90141 0.92318
0.04396 0.27052 0.09871
0.96748 0.81329 0.36719
0.60045 0.14781 0.79146
-0.21201 0.06045 0.06353
0.70039 0.58970 0.05917
0.10323 0.76468 0.99023
-3.80049 -1.59153 0.13986
0.12930 0.83528 0.30400
0.34360 0.58722 0.68476
0.01654 0.73898 0.54239
0.59715 0.64621 0.54877
0.77901 0.88976 0.35746
0.03266 0.01560 0.95560
0.58470 0.10014 0.57852
0.71753 0.60111 0.72260
0.74845 0.70586 0.37704
0.07756 0.79774 0.40569
0.28241 0.77260 0.68643
0.75793 0.45996 0.34601
0.30520 0.31122 0.09419
0.88449 0.59412 0.72799
0.93270 0.29547 0.82538
0.12161 0.31469 0.44254
2.66039 1.00903 0.25901
0.70560 0.02767 0.09751
0.84812 0.66462 0.80972
0.95261 0.86400 0.96513
0.56685 0.43846 0.35701
0.45960 0.93915 0.71241
0.86903 0.72739 0.80905
0.83381 0.66357 0.30650
0.27557 1.30138 0.20849
0.09309 0.73193 0.85573
0.14677 0.53321 0.94908
0.85229 0.48517 0.42472
0.75293 0.10081 0.60542
0.38184 0.13245 0.49537
-0.02109 0.90397 0.16656
0.94253 0.14324 0.84492
0.30015 0.92860 0.60796
0.83841 0.30418 0.01138
0.29328 0.21621 0.66672
0.26514 0.34901 0.13407
0.71975 0.70366 0.18922
0.74730 0.60703 0.27735
0.09181 0.19894 0.57134
0.03448 0.62313 0.72269
0.12013 0.40600 0.80703
0.07486 0.64263 0.77076
0.30917 0.23733 0.35871
0.19146 0.86422 0.96527
0.50610 0.18535 0.10898
0.64495 0.81639 0.32436
1.12474 0.63076 0.46814
0.63476 0.28504 0.79815
0.63806 0.65847 0.72152
0.68628 0.34278 0.44584
0.13757 0.36597 0.02922
0.64184 0.23376 0.43764
0.17753 0.28778 0.81726
0.74227 0.73503 0.95565
1.45388 1.04982 0.37653
0.57856 0.01780 0.90950
0.62146 0.03705 0.93173
0.61373 0.39853 0.39138
0.31179 0.05744 0.98335
0.49598 0.48177 0.37714
0.86925 0.46851 0.03583
0.76933 0.24240 0.41646
0.08462 0.16337 0.42083
0.65697 0.54909 0.40407
0.08181 0.59679 0.81364
1.72069 0.53761 0.48195
0.17378 0.32930 0.92836
0.85275 0.08763 0.84377
0.79005 0.09923 0.42705
0.07691 0.79263 0.96043
0.85927 0.67948 0.64312
0.85945 0.79777 0.84402
0.79808 0.82563 0.77868
0.66255 0.50589 0.89371
0.27991 0.71912 0.18639
0.16443 0.93773 0.51457
0.86205 0.09901 0.45104
0.16148 0.89691 0.16851
0.93868 0.23720 0.80538
0.43510 0.73315 0.37589
0.57040 0.89585 0.66984
0.01632 0.90576 0.71450
0.85569 0.80190 0.71065
0.10859 0.50663 0.16886
0.83767 0.35797 0.42279
0.62286 0.28536 0.91205
0.51304 0.47982 0.30335
0.87469 0.20979 0.03379
0.03299 0.86661 0.45419
0.36684 0.56644 0.62501
0.61958 0.17911 0.64134
0.23322 0.23496 0.17976
0.03873 0.44087 0.03371
-0.16388 0.30739 0.02398
0.41621 0.25314 0.92730
0.89323 0.60126 0.12677
0.24995 0.70944 0.27615
0.04982 0.06597 0.54139
0.36864 0.75904 0.87537
-0.18590 -0.65703 0.63392
0.80528 0.90960 0.97608
0.12240 0.97938 0.02586
0.38437 0.59730 0.21489
0.87170 0.13538 0.88338
0.46061 0.83014 0.16483
0.68159 0.49665 0.11288
0.65082 0.84520 0.34430
0.64990 0.65038 0.26761
1.02443 0.57802 0.00158
0.42547 0.52775 0.65612
0.39119 0.48631 0.14117
0.62372 0.35634 0.07717
0.01378 0.25826 0.38633
0.59091 0.28200 0.10403
0.64165 0.41009 0.56275
0.36770 0.90278 0.17570
0.20449 0.84750 0.93987
0.68985 1.34315 0.15272
0.50965 0.82380 0.38240
0.56762 0.18089 0.87704
0.66907 0.48368 0.38148
0.34701 0.67637 0.40030
0.93293 0.33585 0.41939
0.42355 0.78320 0.39869
0.95458 0.73327 0.64316
0.06104 0.41363 0.06517
0.79501 0.52146 0.79103
0.91219 0.25288 0.63423
0.79655 0.68413 0.03819
-0.24401 -0.10663 0.47578
1.35124 0.49786 0.85332
0.79416 0.13211 0.83857
0.59922 0.80764 0.03873
0.52097 0.80441 0.22594
0.42214 0.32905 0.45800
0.05287 0.05097 0.12836
0.15205 0.26744 0.77591
0.13049 0.64024 0.80195
0.75489 0.37828 0.33655
0.55397 0.38913 0.62904
0.33680 0.54356 0.54859
0.19292 0.37764 0.84149
0.53783 0.07456 0.73732
0.43023 0.24797 0.53362
0.58343 0.83456 0.54386
0.42451 0.57556 0.43823
-16.02454 -60.86054 0.53957
0.80559 0.69457 0.22873
0.86418 0.49232 0.39865
0.20826 0.95094 0.19479
0.80413 0.69284 0.14690
0.14986 0.39285 0.26682
0.83371 0.10439 0.38625
0.80156 0.07374 0.46557
0.31008 0.48661 0.77448
0.86974 0.61561 0.64109
0.12806 0.79071 0.63309
0.84199 0.79828 0.52853
0.53607 0.09913 0.01084
0.14262 0.11518 0.77759
0.79946 0.40900 0.07869
0.77002 0.92796 0.40656
0.19637 0.11857 0.74699
-15.36080 -0.15893 0.72385
0.97602 0.06664 0.88542
0.35415 0.21798 0.17325
0.07107 0.78894 0.82198
0.42739 0.35914 0.29759
0.91917 0.31447 0.84448
0.74883 0.52600 0.32680
-1.38823 1.51380 0.58843
0.94058 0.09582 0.10501
0.71905 0.81557 0.28175
0.61272 0.77957 0.33742
0.47274 0.38858 0.50264
0.33793 -0.25004 0.33299
0.61664 0.17373 0.65732
0.42163 0.30001 0.91821
0.16349 0.03874 0.51333
0.90865 0.73154 0.62974
0.35171 0.50581 0.05423
0.85521 0.90545 0.71859
-0.02584 1.18962 0.85531
0.46677 0.53012 0.08119
0.90621 0.78308 0.40634
0.52914 0.81296 0.74751
0.20221 0.11760 0.81507
0.14074 0.74662 0.56373
0.80552 0.76107 0.32393
0.55350 0.93165 0.11333
0.65664 0.19305 0.00285
0.62039 0.25407 0.02654
0.35747 0.68564 0.87405
0.27934 0.32451 0.50701
0.77790 0.56823 0.62882
0.70480 0.88719 0.28823
0.04592 0.13127 0.33584
0.36832 -0.09246 0.35110
0.77707 0.53084 0.51832
0.91660 0.10873 0.68706
0.86338 0.40132 0.35465
0.38371 0.43125 0.87819
0.33229 0.33497 0.18618
0.93189 0.13571 0.09398
0.36079 0.80132 0.02036
0.87235 0.46968 0.86308
0.50867 0.64408 0.55586
0.85193 0.62159 0.47537
0.50433 0.37835 0.05899
0.18436 0.83307 0.92829
0.34706 0.21351 0.32670
0.90843 0.83514 0.07408
0.00260 0.46472 0.07630
0.13984 0.72077 0.74490
0.85988 0.48879 0.45593
0.30787 0.22991 0.36232
0.35929 0.86132 0.51361
0.46766 0.50768 0.83412
1.56785 0.05782 0.50137
0.47899 0.59500 0.92750
0.49108 0.31447 0.43355
0.70006 0.33129 0.28627
0.35521 0.36347 0.89265
0.20083 0.40136 0.46464
0.66433 0.09572 0.71877
-0.13305 0.72204 0.91956
0.90357 0.77183 0.06473
0.97737 -3.17301 0.10809
0.60265 0.24821 0.65290
0.92354 0.60928 0.07663
1.38664 0.94189 0.09168
0.48299 0.80018 0.49715
0.05689 0.59635 0.36884
0.07086 0.17091 0.51048
0.22655 0.32898 0.33703
0.81183 0.85683 0.22756
0.41736 0.16285 0.11342
0.84573 0.62857 0.76023
0.02702 0.15911 0.51705
0.56694 0.09331 0.48634
0.29438 0.47482 0.83660
0.58309 0.48540 0.59244
1.30736 0.33581 0.84997
0.68963 0.73805 0.92787
0.26771 0.62666 0.61533
0.39658 0.94075 0.26325
0.54633 0.72021 0.62146
0.57708 0.42086 0.89575
0.94594 0.51402 0.28642
0.57633 0.16143 0.52383
0.91799 0.48308 0.88633
0.13987 0.88294 0.07602
0.54568 0.57750 0.51355
0.51416 1.04544 0.49635
0.21233 0.88118 0.44576
0.38138 0.96089 0.77198
0.40558 0.19944 0.00697
0.36008 0.50294 0.27832
0.70261 0.60727 0.79268
0.68594 0.40747 0.55764
0.98721 0.34823 0.86924
0.10063 0.09751 0.17014
1.03070 0.92675 0.38557
0.73911 0.29794 0.24998
0.64674 0.88571 0.63718
0.21207 0.44501 0.28445
0.83355 0.18212 0.32077
0.12467 0.24203 0.81048
0.83022 0.85773 0.21756
0.68585 0.31882 0.73746
-0.04878 0.70012 0.88016
0.15290 0.74203 0.88564
0.79802 0.82305 0.23654
0.10711 0.26323 0.94078
0.38630 0.85008 0.20271
0.11312 0.24327 0.06581
0.71480 0.31957 0.16410
0.10559 0.57006 0.07957
0.84946 0.97997 0.90841
0.69140 0.72578 0.95218
0.49026 0.38441 0.95975
0.92652 0.58378 0.74568
0.81853 0.71484 0.15065
0.87768 0.57204 0.47474
0.92046 0.09690 0.10403
1.26510 0.30299 0.56091
0.80791 0.47116 0.94623
0.69620 0.86724 0.64790
0.56152 0.91032 0.62452
0.08109 0.69212 0.51397
0.72358 0.12493 0.09452
0.64423 0.53974 0.59248
0.59405 0.52575 0.43044
17.02391 0.29476 0.55565
0.68503 0.18166 0.95824
0.25325 0.74883 0.60916
0.74873 0.45267 0.11830
0.47418 0.88520 0.47279
0.98008 0.94224 0.69945
0.92261 0.30537 0.08439
0.74623 0.33816 0.45008
-6.18093 -5.44532 0.92395
0.30158 -0.36046 0.96250
0.67002 0.54290 0.42659
1.21616 0.06494 0.55903
0.16759 0.06356 0.48793
0.76276 0.17772 0.02469
0.75751 0.70962 0.49070
0.54136 0.48724 0.30324
-2.34940 -0.83106 0.37130
0.84008 0.18384 0.06321
0.14387 0.14025 0.44929
0.19270 0.28374 0.97450
0.27040 0.09449 0.95661
0.14205 0.67405 0.73752
0.86799 0.57061 0.95731
0.24026 0.31243 0.69981
0.40871 0.08727 0.78812
0.45734 0.80536 0.18349
0.42498 0.27632 0.88279
0.08037 0.45386 0.81440
0.98707 0.26589 0.72314
0.84600 0.74464 0.07089
0.05051 0.10017 0.04514
-89.62240 -12.70397 0.34778
0.47497 0.88004 0.26397
0.17920 0.51910 0.91706
0.38182 0.13305 0.47562
0.42088 0.91261 0.71069
0.49740 0.44145 0.83778
0.65001 0.06628 0.09127
-0.86591 0.47736 0.26505
0.20224 0.23683 0.03884
0.86781 0.28840 0.64591
0.93196 0.15722 0.58665
-0.26091 0.83101 0.34068
0.07507 0.91160 0.11000
0.70067 0.68088 0.67099
0.70328 0.46546 0.82269
0.20453 0.34414 0.99544
0.06402 0.51829 0.92363
0.65939 0.11085 0.33078
0.15397 0.91988 0.20288
0.08335 0.94732 0.40996
0.05493 0.87298 0.81840
0.10224 0.20287 0.54169
0.62655 0.89403 0.31941
0.13123 0.85977 0.71499
0.16667 0.72600 0.63233
-3.64031 1.09298 0.17794
0.11109 0.84207 0.96726
-0.42429 -0.31689 0.53257
0.68043 0.54718 0.65611
0.86805 0.49613 0.90933
0.38348 0.96499 0.06625
0.96590 0.33250 0.97286
0.71416 0.35839 0.76287
0.69778 0.76366 0.55400
0.22198 0.74738 0.40098
0.56693 0.68475 0.87618
0.89327 0.49839 0.76831
0.30837 0.45475 0.78326
0.68218 0.91376 0.29739
0.22110 1.00691 0.46395
0.58007 0.63586 0.38735
0.70881 0.43084 0.05814
0.62526 0.59407 0.55184
0.61153 0.35676 0.66961
0.62944 0.14638 0.64678
0.52296 0.36929 0.56093
0.86068 0.44157 0.54407
0.59899 0.86033 0.19419
0.75928 0.16074 0.28140
0.63372 0.16327 0.60901
0.63309 0.65057 0.68001
0.69416 0.20407 0.01530
0.73497 0.11580 0.44120
0.30817 0.20128 0.76147
1.92672 0.41903 0.36272
0.82438 0.65308 0.07586
0.88566 0.73275 0.88946
0.85855 0.27978 0.14848
0.44312 0.72292 0.60497
0.64886 0.39165 0.15759
0.95808 0.68992 0.40015
0.83139 0.77718 0.57587
0.07555 0.45397 0.25653
0.85927 0.24314 0.24341
0.39988 0.31906 0.43840
0.86603 0.41157 0.93997
0.44925 0.48123 0.07831
0.30795 0.51423 0.74788
0.05355 0.15058 0.22949
0.85239 0.31856 0.61793
0.94101 0.07831 0.84800
0.81088 0.84050 0.83196
0.71115 0.83508 0.04009
0.13882 0.63099 0.71794
0.91128 0.62005 0.24584
0.05710 0.95216 0.05411
0.18652 0.33780 0.92032
0.84379 0.12821 0.53164
0.68719 0.61926 0.81669
0.08556 1.10484 0.23402
0.50453 0.06662 0.39410
0.40397 0.39850 0.47262
0.76020 0.44201 0.55289
0.44442 0.11542 0.01640
0.50508 0.53886 0.58111
0.72948 0.19935 0.42227
0.56553 0.33198 0.68838
0.66596 0.84655 0.27875
0.73919 0.38253 0.05333
0.20070 0.12255 0.03837
0.08059 0.51362 0.95894
0.17217 0.08152 0.98113
0.91646 0.86010 0.41186
0.69427 0.80558 0.94068
0.88318 -0.35192 0.60299
0.73196 0.89832 0.97452
0.10966 0.94191 0.53858
0.81016 0.28026 0.70514
1.27483 0.43312 0.70415
0.19388 0.63397 0.04514
0.25862 0.74820 0.81898
0.08242 0.60329 0.27775
0.47573 0.05296 0.82202
1.22412 -0.43554 0.20846
0.75627 0.91549 0.80587
-0.09031 0.71910 0.78983
0.77337 0.27735 0.34579
0.81566 0.77517 0.55712
0.83805 0.85516 0.06960
0.47818 0.60934 0.08288
0.65782 0.51907 0.20931
0.68188 0.93331 0.04218
0.96234 0.66860 0.78175
0.83704 0.33737 0.07823
0.01546 0.68917 0.45753
0.21748 0.69794 0.33013
0.89615 0.93716 0.52848
0.49729 0.31579 0.72835
0.92578 0.67316 0.28828
0.55595 0.45065 0.32754
0.86624 0.50332 0.56850
0.95442 0.95028 0.55380
1.28727 0.41643 0.89017
0.60162 0.94572 0.45668
0.41042 0.85484 0.71130
0.29065 0.36944 0.66036
2.43160 -1.14269 0.62946
0.47175 0.31825 0.68010
0.65630 1.16560 0.03384
0.58958 0.26577 0.88401
1.13505 0.58841 0.89889
0.47585 0.80478 0.84042
0.92309 0.03762 0.00792
0.26257 0.38237 0.67750
0.55435 0.69480 0.07946
0.58689 0.84150 0.19059
0.14115 0.14141 0.73634
0.10237 0.95471 0.44748
0.12892 0.55999 0.14369
0.17986 -0.07947 0.23918
0.56334 0.34470 0.63253
0.66363 0.68450 0.87962
0.34132 0.61585 0.79457
0.48232 0.12652 0.60953
0.49049 0.41743 0.08191
0.93792 0.75962 0.15129
0.91615 0.21065 0.62178
0.73019 0.40147 0.36932
0.52391 0.27432 0.65859
0.97751 0.96134 0.69713
0.05002 0.87519 0.98309
0.59092 0.30028 0.03264
0.44063 0.27207 0.43493
0.82419 0.74980 0.32183
0.05504 0.07216 0.07651
0.21597 0.79352 0.43007
0.03701 0.20047 0.45381
0.68203 0.32495 0.12538
-0.03983 0.20979 0.83441
0.90991 0.35688 0.79103
0.74295 0.95623 0.40872
0.02586 0.16336 0.05760
0.44098 0.83155 0.81528
0.40753 0.62192 0.24318
0.33219 0.61177 0.53653
0.89047 0.14551 0.47206
0.77082 0.35505 0.10355
0.44675 0.26482 0.43144
-1.53619 0.32676 0.27610
0.74339 0.68514 0.45410
0.70870 0.42548 0.52065
0.21279 0.39089 0.45360
0.67644 0.25468 0.70600
0.45056 0.13307 0.64099
0.38243 0.82370 0.30590
0.45596 0.86595 0.67875
0.03865 0.17863 0.16864
1.21521 1.88610 0.94706
0.72745 0.18443 0.73061
0.13080 0.91690 0.57147
0.65961 0.66400 0.78683
1.26373 -0.10572 0.46934
0.57638 0.42730 0.74064
0.33341 0.86652 0.66853
0.49621 0.88038 0.90076
0.44569 0.12395 0.31839
0.17964 0.15490 0.72003
0.63424 0.70258 0.59712
0.63318 0.86378 0.33625
0.06021 0.28093 0.46653
0.08677 0.10005 0.54651
0.74692 0.88930 0.20443
-0.83510 -0.78350 0.18362
0.25588 0.32463 0.84477
0.01670 0.89815 0.21219
0.42041 0.69770 0.26679
0.40858 0.76325 0.94727
0.51790 0.82562 0.04435
0.87304 0.14672 0.11552
0.45994 0.03001 0.17188
0.06186 0.17142 0.64716
0.86883 0.57884 0.56045
0.29164 0.56755 0.80255
0.13462 0.18163 0.31871
0.68728 0.41182 0.58866
0.07347 0.13859 0.60202
0.29102 0.80634 0.21317
0.79993 0.04853 0.99089
0.52333 0.10166 0.39066
0.94651 0.61089 0.73064
0.96557 0.48226 0.65835
0.22721 0.36929 0.97058
0.91833 0.96040 0.21113
0.69010 0.40638 0.43752
0.54154 0.06176 0.50269
0.18421 0.47839 0.37949
-1.44564 -2.03142 0.73586
0.84117 0.17221 0.49209
0.50358 0.13973 0.18511
0.39988 0.04800 0.48169
0.83010 0.88832 0.89556
0.39527 0.51780 0.11657
0.11898 0.38720 0.14947
0.08020 0.17876 0.01670
0.02622 0.45498 0.96513
0.63792 0.10618 0.05639
0.09847 0.45072 0.51394
0.33730 0.27567 0.85742
0.29978 0.56855 0.97296
0.52231 0.96061 0.10637
0.56523 0.29805 0.41197
0.32307 0.22509 0.52392
0.18383 0.69945 0.37624
0.56810 1.05876 0.09529
0.90858 0.38342 0.65689
0.63080 0.67012 0.79572
0.16636 0.61008 0.90562
-0.59498 -0.46618 0.84197
0.93012 0.20603 0.24118
0.95713 0.07906 0.33156
0.75681 0.29079 0.86831
0.28688 0.05628 0.83955
0.73253 0.21255 0.22935
0.13055 0.33945 0.80817
16.54656 -0.44259 0.67814
0.30431 0.80270 0.26353
0.98867 0.09909 0.22754
0.56696 0.49768 0.61992
0.40620 0.64038 0.34470
0.08169 0.88867 0.58944
0.10834 0.29887 0.37948
0.95240 0.10181 0.09240
0.43756 0.86793 0.99622
0.29154 0.30310 0.13582
0.09182 0.09436 0.91016
0.25614 0.36313 0.37148
0.82874 0.61338 0.20363
0.23593 0.65617 0.32528
0.82353 0.88484 0.68673
0.30702 0.58654 0.01612
0.94750 0.35947 0.37811
-1.74195 0.67774 0.77509
-0.40302 0.91864 0.40073
0.83541 0.52714 0.30889
0.41420 0.65828 0.29241
0.07594 0.39529 0.62460
0.10931 0.10788 0.56417
0.21213 0.91360 0.67188
0.26850 0.35456 0.93169
0.35855 0.13680 0.70979
0.22007 0.43401 0.25422
0.51916 0.74307 0.51819
-1.11279 2.17147 0.83833
0.99331 0.53360 0.39093
0.45518 0.69913 0.87226
0.56407 0.68347 0.80579
0.21765 0.85630 0.62929
0.47482 0.71537 0.49696
0.79165 0.71764 0.62370
0.76545 0.92480 0.59984
0.92720 0.76769 0.17072
0.65799 0.96962 0.88000
0.56742 0.63478 0.83789
0.90477 0.27209 0.09952
0.89146 0.50731 0.11601
0.84272 0.38323 0.25571
0.48877 0.10382 0.85632
0.40327 0.14723 0.55269
0.92636 0.83503 0.58104
0.56236 0.16957 0.26912
0.69509 0.69543 0.54444
0.72224 0.73256 0.81765
0.88612 0.42253 0.74531
0.87858 0.15625 0.41186
0.08222 0.72576 0.25042
0.28896 0.62564 0.94308
0.56340 0.84130 0.33082
0.05296 0.02611 0.66877
0.31332 0.55434 0.57367
0.76323 0.48951 0.44367
0.20821 0.44674 0.97875
0.45364 0.79756 0.88249
0.47229 0.76168 0.19747
0.13999 0.71519 0.65639
0.39030 0.62332 0.98948
0.26465 0.36460 0.19684
0.67133 0.14512 0.13827
0.37193 0.13716 0.67139
0.51212 0.45311 0.41834
0.88806 0.07341 0.62205
0.15643 0.80418 0.70488
0.19950 0.78470 0.44481
0.27874 0.63207 0.17418
0.83526 0.67396 0.97071
0.18273 0.15512 0.14203
0.91391 0.15129 0.43441
0.27797 0.83982 0.38404
0.84047 0.16141 0.11624
0.98634 0.61723 0.95188
0.29979 0.22686 0.24808
0.83649 0.85219 0.63069
0.10394 0.31211 0.92447
0.21026 0.90817 0.20361
0.69560 0.22028 0.41528
0.17962 0.04003 0.09007
0.60821 0.52643 0.04844
0.05017 0.08309 0.46490
0.18181 0.54666 0.76715
124.59225 -96.61451 0.35861
0.26158 0.53236 0.98261
0.35273 0.32360 0.97052
0.14528 0.46739 0.89386
0.34904 0.35379 0.81275
0.05787 0.41759 0.01002
0.67674 0.42177 0.14536
0.68169 0.68077 0.38205
0.06705 0.54851 0.53351
-0.49336 -0.29514 0.62822
0.90314 0.16541 0.53921
0.10146 0.27366 0.90575
0.32269 0.81763 0.08193
0.69457 0.74058 0.05177
0.81357 0.55323 0.67010
0.23399 0.89348 0.17993
0.60583 0.81303 0.55310
0.75315 0.80841 0.85715
0.30300 0.68233 0.90471
0.01309 0.23625 0.22870
0.43780 0.55444 0.30291
0.40779 0.10676 0.47770
0.82412 0.60660 0.33801
0.09475 0.40598 0.25766
0.67812 0.57237 0.90379
17.49319 62.24825 0.79142
-0.17954 6.32449 0.58700
0.91322 0.86006 0.90259
0.88383 0.22904 0.74722
0.28902 0.40887 0.05783
0.51043 0.20886 0.26912
0.51831 0.19711 0.44669
0.06107 0.26489 0.56125
0.95801 0.54625 0.42045
0.29280 0.95596 0.28792
0.19672 0.85493 0.76475
0.11931 0.32353 0.81939
0.94712 0.89750 0.54858
0.42879 0.90091 0.10184
0.07639 0.75800 0.85909
0.97360 0.26525 0.99085
0.45743 0.06539 0.39446
0.40984 0.45932 0.47662
0.10250 0.07248 0.84800
0.61808 0.33366 0.91580
0.58362 0.12185 0.74003
0.70648 -0.15280 0.78437
0.16006 0.19244 0.04158
0.13737 0.53726 0.24127
0.33837 0.96044 0.60553
0.47022 0.70487 0.47814
0.17537 0.35156 0.09776
0.87074 0.97359 0.63505
0.65367 0.33006 0.15665
0.82221 0.26061 0.18719
0.62671 0.55952 0.35045
0.36372 0.29622 0.64465
0.71818 0.65039 0.24096
0.57285 0.03757 0.23122
0.43939 0.61632 0.46645
0.17677 0.74532 0.33938
0.13992 0.46358 0.01280
0.07367 0.71571 0.68893
0.43203 0.24479 0.51221
0.76745 0.95121 0.99879
0.43592 0.37427 0.19958
0.71490 0.88143 0.22897
0.79808 0.46291 0.08241
0.12320 0.83793 0.89841
0.30070 0.80918 0.74264
0.73836 0.48368 0.98374
0.28235 0.92616 0.49464
0.56884 0.25381 0.62613
0.61721 -0.46605 0.06811
0.66108 0.29506 0.06234
0.48641 0.41348 0.71662
0.80142 0.87345 0.17442
0.25498 0.74593 0.09440
0.73491 0.97405 0.62020
0.85156 0.31654 0.67657
0.62828 0.37260 0.40533
0.69638 0.88479 0.46344
0.44376 0.37845 0.17473
0.30857 0.75771 0.19738
0.75494 0.80152 0.62764
0.92169 0.42304 0.47194
0.77720 0.22941 0.00323
0.95867 0.12495 0.08655
0.95863 0.87451 0.52041
0.56072 0.71397 0.64208
1.06232 1.09486 0.27820
0.90046 0.80683 0.70962
-0.15412 -0.02455 0.10278
0.09774 0.31383 0.75400
0.51871 0.72682 0.56510
0.88844 0.70299 0.31328
-5.61648 1.73134 0.84972
0.84824 0.24892 0.35027
0.12089 0.35282 0.27194
0.76179 0.64295 0.68878
0.87104 0.11539 0.42093
0.84836 0.35732 0.49709
-0.00252 0.21083 0.73497
-0.03830 3.61614 0.31581
-0.07602 0.55508 0.62305
0.26256 0.82284 0.01687
0.40556 0.81604 0.71518
0.58803 0.76257 0.92177
0.60974 0.95710 0.01669
0.53453 0.55563 0.12758
0.50659 0.23092 0.87045
0.71545 0.77752 0.35449
0.67103 0.15190 0.34414
0.21906 0.62725 0.26444
0.79988 -0.01844 0.90381
0.75444 0.15075 0.19053
0.90761 0.89618 0.59107
0.36533 0.78407 0.69651
0.11223 0.92310 0.45780
0.27014 0.08754 0.35937
0.13455 0.32779 0.58950
0.68055 0.74333 0.78161
0.88743 0.32193 0.06889
0.56050 0.38224 0.65635
0.89473 0.30012 0.89865
0.53019 0.84185 0.68733
0.05008 0.06698 0.54278
0.67605 0.09992 0.08708
0.56103 0.88855 0.85567
0.14923 0.56264 0.19820
0.37340 0.47982 0.29148
0.90804 0.35430 0.53318
-33.68477 -42.76910 0.33674
0.66024 0.67327 0.81144
0.96375 0.66576 0.42663
0.84069 0.95036 0.17133
0.04029 0.87423 0.06580
0.11437 0.89525 0.54732
0.60430 0.12930 0.22932
0.73767 0.37939 0.29701
0.31395 0.08542 0.71302
0.25442 0.41927 0.06609
0.01721 0.79464 0.18940
-146.37257 83.95526 0.32622
0.06634 0.18982 0.91712
0.44520 0.86992 0.69425
0.37501 0.34766 0.73142
0.26616 0.87196 0.07332
0.41683 0.70693 0.21068
0.85222 0.62485 0.45603
0.17018 0.53089 0.39638
0.62958 0.06265 0.40971
-0.26177 0.85812 0.67966
0.94713 0.46262 0.55113
0.53831 0.16819 0.54899
0.13680 0.37452 0.89035
0.91297 0.50036 0.19135
1.75387 -3.05992 0.93892
0.49698 0.87328 0.43292
0.65557 0.00871 0.91863
0.11712 0.71749 0.61860
0.65758 0.51128 0.60599

