1 0.421988
1 0.423736
1 0.426289
1 0.423142
1 0.424175
1 0.421444
1 0.425354
1 0.422708
1 0.415186
1 0.416895
2 0.211573
2 0.213362
2 0.214147
2 0.212424
2 0.213528
2 0.211761
2 0.210272
2 0.211832
2 0.211514
2 0.211961
3 0.142083
3 0.144009
3 0.143247
3 0.143766
3 0.142678
3 0.143591
3 0.142409
3 0.142059
3 0.143043
3 0.143622
4 0.107417
4 0.108225
4 0.107854
4 0.107748
4 0.108241
4 0.107731
4 0.108183
4 0.108099
4 0.107713
4 0.107285
6 0.075060
6 0.076723
6 0.076670
6 0.074587
6 0.073792
6 0.076724
6 0.073659
6 0.073981
6 0.076792
6 0.074833
8 0.083852
8 0.082519
8 0.083798
8 0.086735
8 0.086986
8 0.082442
8 0.082377
8 0.083381
8 0.082508
8 0.085275
1 1.478831
1 1.488926
1 1.460413
1 1.631632
1 1.580968
1 1.531207
1 1.498085
1 1.487572
1 1.479060
1 1.469244
2 0.756469
2 0.791315
2 0.794723
2 0.804942
2 0.765197
2 0.764452
2 0.778458
2 0.766936
2 0.758292
2 0.757005
3 0.514341
3 0.513624
3 0.547755
3 0.506760
3 0.513928
3 0.528499
3 0.532536
3 0.540856
3 0.551993
3 0.535570
4 0.395403
4 0.397250
4 0.384881
4 0.384098
4 0.395186
4 0.383647
4 0.381234
4 0.380276
4 0.386144
4 0.385646
6 0.265984
6 0.262373
6 0.263201
6 0.264890
6 0.263199
6 0.261952
6 0.262185
6 0.261246
6 0.264168
6 0.264914
8 0.296338
8 0.290728
8 0.298762
8 0.297398
8 0.312151
8 0.308973
8 0.299999
8 0.297173
8 0.302772
8 0.310439
1 3.912780
1 4.011310
1 4.296036
1 4.111896
1 4.065412
1 4.154744
1 4.227965
1 4.301464
1 4.199752
1 4.359785
2 2.249208
2 2.250096
2 2.279411
2 2.263605
2 2.272446
2 2.254675
2 2.302162
2 2.234338
2 2.253637
2 2.275097
3 1.466325
3 1.484054
3 1.459776
3 1.489458
3 1.455435
3 1.487031
3 1.460317
3 1.469323
3 1.452959
3 1.478553
4 1.108624
4 1.101127
4 1.118171
4 1.110217
4 1.115347
4 1.116112
4 1.103824
4 1.109802
4 1.093365
4 1.117182
6 0.749719
6 0.753316
6 0.744941
6 0.753018
6 0.758054
6 0.750529
6 0.742907
6 0.758967
6 0.742301
6 0.752749
8 0.830589
8 0.838740
8 0.823568
8 0.862984
8 0.830430
8 0.827611
8 0.829483
8 0.821716
8 0.828808
8 0.835410
1 11.579477
1 12.333536
1 11.774599
1 11.657661
1 11.906044
1 11.975104
1 12.378637
1 11.711111
1 12.382647
1 12.253165
2 6.819939
2 6.805220
2 6.827509
2 6.771054
2 6.828943
2 6.840106
2 6.838275
2 6.772014
2 6.810363
2 6.752962
3 4.460830
3 4.453952
3 4.426670
3 4.419543
3 4.487250
3 4.423187
3 4.451476
3 4.439010
3 4.450487
3 4.425343
4 3.375501
4 3.356709
4 3.357688
4 3.366996
4 3.334882
4 3.333150
4 3.343093
4 3.369450
4 3.356196
4 3.342672
6 2.260814
6 2.243367
6 2.227013
6 2.258075
6 2.253878
6 2.239449
6 2.230985
6 2.221346
6 2.250875
6 2.244181
8 2.476570
8 2.422088
8 2.324513
8 2.496744
8 2.470036
8 2.246049
8 2.367134
8 2.267735
8 2.404291
8 2.478349
1 20.132787
1 20.262810
1 20.290579
1 20.027230
1 19.826251
1 19.928382
1 19.979968
1 19.968713
1 20.439716
1 20.365981
2 10.153539
2 10.122405
2 10.229383
2 10.151171
2 10.126256
2 10.256142
2 10.205953
2 10.057041
2 10.072408
2 10.083549
3 6.729964
3 6.755242
3 6.775222
3 6.728652
3 6.793582
3 6.783474
3 6.743125
3 6.741449
3 6.748017
3 6.778631
4 5.095930
4 5.075463
4 5.061936
4 5.035206
4 5.067546
4 5.011741
4 5.124105
4 5.047158
4 5.051813
4 5.084816
6 3.446802
6 3.384730
6 3.452851
6 3.453759
6 3.408300
6 3.434122
6 3.468927
6 3.405552
6 3.421398
6 3.395967
8 3.547828
8 3.861819
8 3.821113
8 3.535157
8 3.520054
8 3.439089
8 3.728345
8 3.400405
8 3.809165
8 3.610157
1 44.080378
1 43.455124
1 43.209692
1 43.832649
1 43.151639
1 43.936568
1 43.225684
1 43.169726
1 43.167286
1 43.496692
2 21.724142
2 22.029465
2 22.141079
2 21.788807
2 21.937574
2 21.857779
2 21.910511
2 22.007129
2 21.778377
2 21.741085
3 14.593546
3 14.619621
3 14.510271
3 14.493615
3 14.438497
3 14.579114
3 14.510469
3 14.522239
3 14.489814
3 14.586123
4 10.945143
4 10.869638
4 10.899254
4 10.941521
4 10.880101
4 10.906478
4 10.886402
4 10.910397
4 10.851214
4 10.882064
6 7.346498
6 7.316958
6 7.300128
6 7.335558
6 7.291170
6 7.354123
6 7.313955
6 7.387590
6 7.343121
6 7.347886
8 8.538531
8 8.288417
8 7.739871
8 8.433119
8 8.132050
8 8.339713
8 8.249687
8 7.517200
8 8.072307
8 8.374496
1 48.103896
1 47.500054
1 47.332683
1 48.637958
1 48.227650
1 48.792162
1 48.319434
1 47.571041
1 48.995435
1 48.855541
2 24.570387
2 24.727484
2 24.816228
2 24.814501
2 24.286896
2 24.206160
2 24.024422
2 24.170553
2 24.493258
2 24.092441
3 16.426322
3 16.206596
3 16.296336
3 16.288527
3 16.415186
3 16.144484
3 16.179054
3 16.208386
3 16.151617
3 16.385789
4 12.142759
4 12.250279
4 12.221072
4 12.224371
4 12.274476
4 12.218501
4 12.233819
4 12.388264
4 12.184500
4 12.186673
6 8.327765
6 8.335839
6 8.355423
6 8.337659
6 8.341727
6 8.361807
6 8.347784
6 8.335653
6 8.363502
6 8.373395
8 9.240255
8 9.990863
8 9.820664
8 9.453785
8 9.889023
8 9.951758
8 9.889408
8 9.547844
8 9.103988
8 8.671568
