0.045044
0.06593 0.13918 0.70927
0.30735 0.83188 0.13581
0.65812 0.60466 0.99480
0.51623 -0.10238 0.13771
0.76414 0.04280 0.65183
0.65167 0.64634 0.06739
1.13384 0.29235 0.33474
-0.00563 1.18130 0.01372
5.40099 3.84617 0.81111
0.87378 0.17738 0.25092
0.14526 0.25592 0.63348
0.77780 0.05941 0.31549
0.77157 0.44267 0.21622
0.29735 0.56315 0.01730
0.27359 -0.14103 0.06882
0.82464 0.79460 0.50260
0.08435 0.65472 0.50966
0.84188 0.93166 0.87759
-5.09617 -3.49230 0.72386
0.50741 0.60598 0.30589
0.60782 0.05854 0.44439
0.28471 0.78282 0.40186
0.23824 0.72925 0.34250
0.35898 -0.29240 0.30593
0.66791 0.50919 0.32331
0.35630 0.78183 0.36187
6.13602 -4.85184 0.33400
0.35985 0.09287 0.43065
0.95113 0.44478 0.01725
0.75258 0.51534 0.99773
0.48403 0.31683 0.36333
0.40040 0.94562 0.25046
-4.24180 4.94180 0.38376
0.22928 0.98657 0.93021
0.08168 0.65125 0.32789
0.45119 0.95246 0.33115
0.96175 0.91578 0.03680
0.16861 0.76631 0.34207
0.97351 0.51179 0.75349
0.76292 0.92908 0.91890

0.032745
0.06593 0.13918 0.70927
0.30735 0.83188 0.13581
0.65812 0.60466 0.99480
0.51623 -0.10238 0.13771
0.76414 0.04280 0.65183
0.65167 0.64634 0.06739
1.13384 0.29235 0.33474
-0.00563 1.18130 0.01372
5.40099 3.84617 0.81111
0.87378 0.17738 0.25092
0.14526 0.25592 0.63348
0.77780 0.05941 0.31549
0.77157 0.44267 0.21622
0.29735 0.56315 0.01730
0.27359 -0.14103 0.06882
0.82464 0.79460 0.50260
0.08435 0.65472 0.50966
0.84188 0.93166 0.87759
-5.09617 -3.49230 0.72386
0.50741 0.60598 0.30589
0.60782 0.05854 0.44439
0.28471 0.78282 0.40186
0.23824 0.72925 0.34250
0.35898 -0.29240 0.30593
0.66791 0.50919 0.32331
0.35630 0.78183 0.36187
6.13602 -4.85184 0.33400
0.35985 0.09287 0.43065
0.95113 0.44478 0.01725
0.75258 0.51534 0.99773
0.48403 0.31683 0.36333
0.40040 0.94562 0.25046
-4.24180 4.94180 0.38376
0.22928 0.98657 0.93021
0.08168 0.65125 0.32789
0.45119 0.95246 0.33115
0.96175 0.91578 0.03680
0.16861 0.76631 0.34207
0.97351 0.51179 0.75349
0.76292 0.92908 0.91890

0.031984
0.06593 0.13918 0.70927
0.30735 0.83188 0.13581
0.65812 0.60466 0.99480
0.51623 -0.10238 0.13771
0.76414 0.04280 0.65183
0.65167 0.64634 0.06739
1.13384 0.29235 0.33474
-0.00563 1.18130 0.01372
5.40099 3.84617 0.81111
0.87378 0.17738 0.25092
0.14526 0.25592 0.63348
0.77780 0.05941 0.31549
0.77157 0.44267 0.21622
0.29735 0.56315 0.01730
0.27359 -0.14103 0.06882
0.82464 0.79460 0.50260
0.08435 0.65472 0.50966
0.84188 0.93166 0.87759
-5.09617 -3.49230 0.72386
0.50741 0.60598 0.30589
0.60782 0.05854 0.44439
0.28471 0.78282 0.40186
0.23824 0.72925 0.34250
0.35898 -0.29240 0.30593
0.66791 0.50919 0.32331
0.35630 0.78183 0.36187
6.13602 -4.85184 0.33400
0.35985 0.09287 0.43065
0.95113 0.44478 0.01725
0.75258 0.51534 0.99773
0.48403 0.31683 0.36333
0.40040 0.94562 0.25046
-4.24180 4.94180 0.38376
0.22928 0.98657 0.93021
0.08168 0.65125 0.32789
0.45119 0.95246 0.33115
0.96175 0.91578 0.03680
0.16861 0.76631 0.34207
0.97351 0.51179 0.75349
0.76292 0.92908 0.91890

0.038199
0.06593 0.13918 0.70927
0.30735 0.83188 0.13581
0.65812 0.60466 0.99480
0.51623 -0.10238 0.13771
0.76414 0.04280 0.65183
0.65167 0.64634 0.06739
1.13384 0.29235 0.33474
-0.00563 1.18130 0.01372
5.40099 3.84617 0.81111
0.87378 0.17738 0.25092
0.14526 0.25592 0.63348
0.77780 0.05941 0.31549
0.77157 0.44267 0.21622
0.29735 0.56315 0.01730
0.27359 -0.14103 0.06882
0.82464 0.79460 0.50260
0.08435 0.65472 0.50966
0.84188 0.93166 0.87759
-5.09617 -3.49230 0.72386
0.50741 0.60598 0.30589
0.60782 0.05854 0.44439
0.28471 0.78282 0.40186
0.23824 0.72925 0.34250
0.35898 -0.29240 0.30593
0.66791 0.50919 0.32331
0.35630 0.78183 0.36187
6.13602 -4.85184 0.33400
0.35985 0.09287 0.43065
0.95113 0.44478 0.01725
0.75258 0.51534 0.99773
0.48403 0.31683 0.36333
0.40040 0.94562 0.25046
-4.24180 4.94180 0.38376
0.22928 0.98657 0.93021
0.08168 0.65125 0.32789
0.45119 0.95246 0.33115
0.96175 0.91578 0.03680
0.16861 0.76631 0.34207
0.97351 0.51179 0.75349
0.76292 0.92908 0.91890

0.027028
0.06593 0.13918 0.70927
0.30735 0.83188 0.13581
0.65812 0.60466 0.99480
0.51623 -0.10238 0.13771
0.76414 0.04280 0.65183
0.65167 0.64634 0.06739
1.13384 0.29235 0.33474
-0.00563 1.18130 0.01372
5.40099 3.84617 0.81111
0.87378 0.17738 0.25092
0.14526 0.25592 0.63348
0.77780 0.05941 0.31549
0.77157 0.44267 0.21622
0.29735 0.56315 0.01730
0.27359 -0.14103 0.06882
0.82464 0.79460 0.50260
0.08435 0.65472 0.50966
0.84188 0.93166 0.87759
-5.09617 -3.49230 0.72386
0.50741 0.60598 0.30589
0.60782 0.05854 0.44439
0.28471 0.78282 0.40186
0.23824 0.72925 0.34250
0.35898 -0.29240 0.30593
0.66791 0.50919 0.32331
0.35630 0.78183 0.36187
6.13602 -4.85184 0.33400
0.35985 0.09287 0.43065
0.95113 0.44478 0.01725
0.75258 0.51534 0.99773
0.48403 0.31683 0.36333
0.40040 0.94562 0.25046
-4.24180 4.94180 0.38376
0.22928 0.98657 0.93021
0.08168 0.65125 0.32789
0.45119 0.95246 0.33115
0.96175 0.91578 0.03680
0.16861 0.76631 0.34207
0.97351 0.51179 0.75349
0.76292 0.92908 0.91890

0.026708
0.06593 0.13918 0.70927
0.30735 0.83188 0.13581
0.65812 0.60466 0.99480
0.51623 -0.10238 0.13771
0.76414 0.04280 0.65183
0.65167 0.64634 0.06739
1.13384 0.29235 0.33474
-0.00563 1.18130 0.01372
5.40099 3.84617 0.81111
0.87378 0.17738 0.25092
0.14526 0.25592 0.63348
0.77780 0.05941 0.31549
0.77157 0.44267 0.21622
0.29735 0.56315 0.01730
0.27359 -0.14103 0.06882
0.82464 0.79460 0.50260
0.08435 0.65472 0.50966
0.84188 0.93166 0.87759
-5.09617 -3.49230 0.72386
0.50741 0.60598 0.30589
0.60782 0.05854 0.44439
0.28471 0.78282 0.40186
0.23824 0.72925 0.34250
0.35898 -0.29240 0.30593
0.66791 0.50919 0.32331
0.35630 0.78183 0.36187
6.13602 -4.85184 0.33400
0.35985 0.09287 0.43065
0.95113 0.44478 0.01725
0.75258 0.51534 0.99773
0.48403 0.31683 0.36333
0.40040 0.94562 0.25046
-4.24180 4.94180 0.38376
0.22928 0.98657 0.93021
0.08168 0.65125 0.32789
0.45119 0.95246 0.33115
0.96175 0.91578 0.03680
0.16861 0.76631 0.34207
0.97351 0.51179 0.75349
0.76292 0.92908 0.91890

0.036653
0.06593 0.13918 0.70927
0.30735 0.83188 0.13581
0.65812 0.60466 0.99480
0.51623 -0.10238 0.13771
0.76414 0.04280 0.65183
0.65167 0.64634 0.06739
1.13384 0.29235 0.33474
-0.00563 1.18130 0.01372
5.40099 3.84617 0.81111
0.87378 0.17738 0.25092
0.14526 0.25592 0.63348
0.77780 0.05941 0.31549
0.77157 0.44267 0.21622
0.29735 0.56315 0.01730
0.27359 -0.14103 0.06882
0.82464 0.79460 0.50260
0.08435 0.65472 0.50966
0.84188 0.93166 0.87759
-5.09617 -3.49230 0.72386
0.50741 0.60598 0.30589
0.60782 0.05854 0.44439
0.28471 0.78282 0.40186
0.23824 0.72925 0.34250
0.35898 -0.29240 0.30593
0.66791 0.50919 0.32331
0.35630 0.78183 0.36187
6.13602 -4.85184 0.33400
0.35985 0.09287 0.43065
0.95113 0.44478 0.01725
0.75258 0.51534 0.99773
0.48403 0.31683 0.36333
0.40040 0.94562 0.25046
-4.24180 4.94180 0.38376
0.22928 0.98657 0.93021
0.08168 0.65125 0.32789
0.45119 0.95246 0.33115
0.96175 0.91578 0.03680
0.16861 0.76631 0.34207
0.97351 0.51179 0.75349
0.76292 0.92908 0.91890

0.044904
0.06593 0.13918 0.70927
0.30735 0.83188 0.13581
0.65812 0.60466 0.99480
0.51623 -0.10238 0.13771
0.76414 0.04280 0.65183
0.65167 0.64634 0.06739
1.13384 0.29235 0.33474
-0.00563 1.18130 0.01372
5.40099 3.84617 0.81111
0.87378 0.17738 0.25092
0.14526 0.25592 0.63348
0.77780 0.05941 0.31549
0.77157 0.44267 0.21622
0.29735 0.56315 0.01730
0.27359 -0.14103 0.06882
0.82464 0.79460 0.50260
0.08435 0.65472 0.50966
0.84188 0.93166 0.87759
-5.09617 -3.49230 0.72386
0.50741 0.60598 0.30589
0.60782 0.05854 0.44439
0.28471 0.78282 0.40186
0.23824 0.72925 0.34250
0.35898 -0.29240 0.30593
0.66791 0.50919 0.32331
0.35630 0.78183 0.36187
6.13602 -4.85184 0.33400
0.35985 0.09287 0.43065
0.95113 0.44478 0.01725
0.75258 0.51534 0.99773
0.48403 0.31683 0.36333
0.40040 0.94562 0.25046
-4.24180 4.94180 0.38376
0.22928 0.98657 0.93021
0.08168 0.65125 0.32789
0.45119 0.95246 0.33115
0.96175 0.91578 0.03680
0.16861 0.76631 0.34207
0.97351 0.51179 0.75349
0.76292 0.92908 0.91890

0.036077
0.06593 0.13918 0.70927
0.30735 0.83188 0.13581
0.65812 0.60466 0.99480
0.51623 -0.10238 0.13771
0.76414 0.04280 0.65183
0.65167 0.64634 0.06739
1.13384 0.29235 0.33474
-0.00563 1.18130 0.01372
5.40099 3.84617 0.81111
0.87378 0.17738 0.25092
0.14526 0.25592 0.63348
0.77780 0.05941 0.31549
0.77157 0.44267 0.21622
0.29735 0.56315 0.01730
0.27359 -0.14103 0.06882
0.82464 0.79460 0.50260
0.08435 0.65472 0.50966
0.84188 0.93166 0.87759
-5.09617 -3.49230 0.72386
0.50741 0.60598 0.30589
0.60782 0.05854 0.44439
0.28471 0.78282 0.40186
0.23824 0.72925 0.34250
0.35898 -0.29240 0.30593
0.66791 0.50919 0.32331
0.35630 0.78183 0.36187
6.13602 -4.85184 0.33400
0.35985 0.09287 0.43065
0.95113 0.44478 0.01725
0.75258 0.51534 0.99773
0.48403 0.31683 0.36333
0.40040 0.94562 0.25046
-4.24180 4.94180 0.38376
0.22928 0.98657 0.93021
0.08168 0.65125 0.32789
0.45119 0.95246 0.33115
0.96175 0.91578 0.03680
0.16861 0.76631 0.34207
0.97351 0.51179 0.75349
0.76292 0.92908 0.91890

0.036464
0.06593 0.13918 0.70927
0.30735 0.83188 0.13581
0.65812 0.60466 0.99480
0.51623 -0.10238 0.13771
0.76414 0.04280 0.65183
0.65167 0.64634 0.06739
1.13384 0.29235 0.33474
-0.00563 1.18130 0.01372
5.40099 3.84617 0.81111
0.87378 0.17738 0.25092
0.14526 0.25592 0.63348
0.77780 0.05941 0.31549
0.77157 0.44267 0.21622
0.29735 0.56315 0.01730
0.27359 -0.14103 0.06882
0.82464 0.79460 0.50260
0.08435 0.65472 0.50966
0.84188 0.93166 0.87759
-5.09617 -3.49230 0.72386
0.50741 0.60598 0.30589
0.60782 0.05854 0.44439
0.28471 0.78282 0.40186
0.23824 0.72925 0.34250
0.35898 -0.29240 0.30593
0.66791 0.50919 0.32331
0.35630 0.78183 0.36187
6.13602 -4.85184 0.33400
0.35985 0.09287 0.43065
0.95113 0.44478 0.01725
0.75258 0.51534 0.99773
0.48403 0.31683 0.36333
0.40040 0.94562 0.25046
-4.24180 4.94180 0.38376
0.22928 0.98657 0.93021
0.08168 0.65125 0.32789
0.45119 0.95246 0.33115
0.96175 0.91578 0.03680
0.16861 0.76631 0.34207
0.97351 0.51179 0.75349
0.76292 0.92908 0.91890

0.032281
0.06593 0.13918 0.70927
0.30735 0.83188 0.13581
0.65812 0.60466 0.99480
0.51623 -0.10238 0.13771
0.76414 0.04280 0.65183
0.65167 0.64634 0.06739
1.13384 0.29235 0.33474
-0.00563 1.18130 0.01372
5.40099 3.84617 0.81111
0.87378 0.17738 0.25092
0.14526 0.25592 0.63348
0.77780 0.05941 0.31549
0.77157 0.44267 0.21622
0.29735 0.56315 0.01730
0.27359 -0.14103 0.06882
0.82464 0.79460 0.50260
0.08435 0.65472 0.50966
0.84188 0.93166 0.87759
-5.09617 -3.49230 0.72386
0.50741 0.60598 0.30589
0.60782 0.05854 0.44439
0.28471 0.78282 0.40186
0.23824 0.72925 0.34250
0.35898 -0.29240 0.30593
0.66791 0.50919 0.32331
0.35630 0.78183 0.36187
6.13602 -4.85184 0.33400
0.35985 0.09287 0.43065
0.95113 0.44478 0.01725
0.75258 0.51534 0.99773
0.48403 0.31683 0.36333
0.40040 0.94562 0.25046
-4.24180 4.94180 0.38376
0.22928 0.98657 0.93021
0.08168 0.65125 0.32789
0.45119 0.95246 0.33115
0.96175 0.91578 0.03680
0.16861 0.76631 0.34207
0.97351 0.51179 0.75349
0.76292 0.92908 0.91890

0.038988
0.06593 0.13918 0.70927
0.30735 0.83188 0.13581
0.65812 0.60466 0.99480
0.51623 -0.10238 0.13771
0.76414 0.04280 0.65183
0.65167 0.64634 0.06739
1.13384 0.29235 0.33474
-0.00563 1.18130 0.01372
5.40099 3.84617 0.81111
0.87378 0.17738 0.25092
0.14526 0.25592 0.63348
0.77780 0.05941 0.31549
0.77157 0.44267 0.21622
0.29735 0.56315 0.01730
0.27359 -0.14103 0.06882
0.82464 0.79460 0.50260
0.08435 0.65472 0.50966
0.84188 0.93166 0.87759
-5.09617 -3.49230 0.72386
0.50741 0.60598 0.30589
0.60782 0.05854 0.44439
0.28471 0.78282 0.40186
0.23824 0.72925 0.34250
0.35898 -0.29240 0.30593
0.66791 0.50919 0.32331
0.35630 0.78183 0.36187
6.13602 -4.85184 0.33400
0.35985 0.09287 0.43065
0.95113 0.44478 0.01725
0.75258 0.51534 0.99773
0.48403 0.31683 0.36333
0.40040 0.94562 0.25046
-4.24180 4.94180 0.38376
0.22928 0.98657 0.93021
0.08168 0.65125 0.32789
0.45119 0.95246 0.33115
0.96175 0.91578 0.03680
0.16861 0.76631 0.34207
0.97351 0.51179 0.75349
0.76292 0.92908 0.91890

0.031672
0.06593 0.13918 0.70927
0.30735 0.83188 0.13581
0.65812 0.60466 0.99480
0.51623 -0.10238 0.13771
0.76414 0.04280 0.65183
0.65167 0.64634 0.06739
1.13384 0.29235 0.33474
-0.00563 1.18130 0.01372
5.40099 3.84617 0.81111
0.87378 0.17738 0.25092
0.14526 0.25592 0.63348
0.77780 0.05941 0.31549
0.77157 0.44267 0.21622
0.29735 0.56315 0.01730
0.27359 -0.14103 0.06882
0.82464 0.79460 0.50260
0.08435 0.65472 0.50966
0.84188 0.93166 0.87759
-5.09617 -3.49230 0.72386
0.50741 0.60598 0.30589
0.60782 0.05854 0.44439
0.28471 0.78282 0.40186
0.23824 0.72925 0.34250
0.35898 -0.29240 0.30593
0.66791 0.50919 0.32331
0.35630 0.78183 0.36187
6.13602 -4.85184 0.33400
0.35985 0.09287 0.43065
0.95113 0.44478 0.01725
0.75258 0.51534 0.99773
0.48403 0.31683 0.36333
0.40040 0.94562 0.25046
-4.24180 4.94180 0.38376
0.22928 0.98657 0.93021
0.08168 0.65125 0.32789
0.45119 0.95246 0.33115
0.96175 0.91578 0.03680
0.16861 0.76631 0.34207
0.97351 0.51179 0.75349
0.76292 0.92908 0.91890

0.086068
0.06593 0.13918 0.70927
0.30735 0.83188 0.13581
0.65812 0.60466 0.99480
0.51623 -0.10238 0.13771
0.76414 0.04280 0.65183
0.65167 0.64634 0.06739
1.13384 0.29235 0.33474
-0.00563 1.18130 0.01372
5.40099 3.84617 0.81111
0.87378 0.17738 0.25092
0.14526 0.25592 0.63348
0.77780 0.05941 0.31549
0.77157 0.44267 0.21622
0.29735 0.56315 0.01730
0.27359 -0.14103 0.06882
0.82464 0.79460 0.50260
0.08435 0.65472 0.50966
0.84188 0.93166 0.87759
-5.09617 -3.49230 0.72386
0.50741 0.60598 0.30589
0.60782 0.05854 0.44439
0.28471 0.78282 0.40186
0.23824 0.72925 0.34250
0.35898 -0.29240 0.30593
0.66791 0.50919 0.32331
0.35630 0.78183 0.36187
6.13602 -4.85184 0.33400
0.35985 0.09287 0.43065
0.95113 0.44478 0.01725
0.75258 0.51534 0.99773
0.48403 0.31683 0.36333
0.40040 0.94562 0.25046
-4.24180 4.94180 0.38376
0.22928 0.98657 0.93021
0.08168 0.65125 0.32789
0.45119 0.95246 0.33115
0.96175 0.91578 0.03680
0.16861 0.76631 0.34207
0.97351 0.51179 0.75349
0.76292 0.92908 0.91890

0.034955
0.06593 0.13918 0.70927
0.30735 0.83188 0.13581
0.65812 0.60466 0.99480
0.51623 -0.10238 0.13771
0.76414 0.04280 0.65183
0.65167 0.64634 0.06739
1.13384 0.29235 0.33474
-0.00563 1.18130 0.01372
5.40099 3.84617 0.81111
0.87378 0.17738 0.25092
0.14526 0.25592 0.63348
0.77780 0.05941 0.31549
0.77157 0.44267 0.21622
0.29735 0.56315 0.01730
0.27359 -0.14103 0.06882
0.82464 0.79460 0.50260
0.08435 0.65472 0.50966
0.84188 0.93166 0.87759
-5.09617 -3.49230 0.72386
0.50741 0.60598 0.30589
0.60782 0.05854 0.44439
0.28471 0.78282 0.40186
0.23824 0.72925 0.34250
0.35898 -0.29240 0.30593
0.66791 0.50919 0.32331
0.35630 0.78183 0.36187
6.13602 -4.85184 0.33400
0.35985 0.09287 0.43065
0.95113 0.44478 0.01725
0.75258 0.51534 0.99773
0.48403 0.31683 0.36333
0.40040 0.94562 0.25046
-4.24180 4.94180 0.38376
0.22928 0.98657 0.93021
0.08168 0.65125 0.32789
0.45119 0.95246 0.33115
0.96175 0.91578 0.03680
0.16861 0.76631 0.34207
0.97351 0.51179 0.75349
0.76292 0.92908 0.91890

0.030928
0.06593 0.13918 0.70927
0.30735 0.83188 0.13581
0.65812 0.60466 0.99480
0.51623 -0.10238 0.13771
0.76414 0.04280 0.65183
0.65167 0.64634 0.06739
1.13384 0.29235 0.33474
-0.00563 1.18130 0.01372
5.40099 3.84617 0.81111
0.87378 0.17738 0.25092
0.14526 0.25592 0.63348
0.77780 0.05941 0.31549
0.77157 0.44267 0.21622
0.29735 0.56315 0.01730
0.27359 -0.14103 0.06882
0.82464 0.79460 0.50260
0.08435 0.65472 0.50966
0.84188 0.93166 0.87759
-5.09617 -3.49230 0.72386
0.50741 0.60598 0.30589
0.60782 0.05854 0.44439
0.28471 0.78282 0.40186
0.23824 0.72925 0.34250
0.35898 -0.29240 0.30593
0.66791 0.50919 0.32331
0.35630 0.78183 0.36187
6.13602 -4.85184 0.33400
0.35985 0.09287 0.43065
0.95113 0.44478 0.01725
0.75258 0.51534 0.99773
0.48403 0.31683 0.36333
0.40040 0.94562 0.25046
-4.24180 4.94180 0.38376
0.22928 0.98657 0.93021
0.08168 0.65125 0.32789
0.45119 0.95246 0.33115
0.96175 0.91578 0.03680
0.16861 0.76631 0.34207
0.97351 0.51179 0.75349
0.76292 0.92908 0.91890

0.030089
0.06593 0.13918 0.70927
0.30735 0.83188 0.13581
0.65812 0.60466 0.99480
0.51623 -0.10238 0.13771
0.76414 0.04280 0.65183
0.65167 0.64634 0.06739
1.13384 0.29235 0.33474
-0.00563 1.18130 0.01372
5.40099 3.84617 0.81111
0.87378 0.17738 0.25092
0.14526 0.25592 0.63348
0.77780 0.05941 0.31549
0.77157 0.44267 0.21622
0.29735 0.56315 0.01730
0.27359 -0.14103 0.06882
0.82464 0.79460 0.50260
0.08435 0.65472 0.50966
0.84188 0.93166 0.87759
-5.09617 -3.49230 0.72386
0.50741 0.60598 0.30589
0.60782 0.05854 0.44439
0.28471 0.78282 0.40186
0.23824 0.72925 0.34250
0.35898 -0.29240 0.30593
0.66791 0.50919 0.32331
0.35630 0.78183 0.36187
6.13602 -4.85184 0.33400
0.35985 0.09287 0.43065
0.95113 0.44478 0.01725
0.75258 0.51534 0.99773
0.48403 0.31683 0.36333
0.40040 0.94562 0.25046
-4.24180 4.94180 0.38376
0.22928 0.98657 0.93021
0.08168 0.65125 0.32789
0.45119 0.95246 0.33115
0.96175 0.91578 0.03680
0.16861 0.76631 0.34207
0.97351 0.51179 0.75349
0.76292 0.92908 0.91890

0.030836
0.06593 0.13918 0.70927
0.30735 0.83188 0.13581
0.65812 0.60466 0.99480
0.51623 -0.10238 0.13771
0.76414 0.04280 0.65183
0.65167 0.64634 0.06739
1.13384 0.29235 0.33474
-0.00563 1.18130 0.01372
5.40099 3.84617 0.81111
0.87378 0.17738 0.25092
0.14526 0.25592 0.63348
0.77780 0.05941 0.31549
0.77157 0.44267 0.21622
0.29735 0.56315 0.01730
0.27359 -0.14103 0.06882
0.82464 0.79460 0.50260
0.08435 0.65472 0.50966
0.84188 0.93166 0.87759
-5.09617 -3.49230 0.72386
0.50741 0.60598 0.30589
0.60782 0.05854 0.44439
0.28471 0.78282 0.40186
0.23824 0.72925 0.34250
0.35898 -0.29240 0.30593
0.66791 0.50919 0.32331
0.35630 0.78183 0.36187
6.13602 -4.85184 0.33400
0.35985 0.09287 0.43065
0.95113 0.44478 0.01725
0.75258 0.51534 0.99773
0.48403 0.31683 0.36333
0.40040 0.94562 0.25046
-4.24180 4.94180 0.38376
0.22928 0.98657 0.93021
0.08168 0.65125 0.32789
0.45119 0.95246 0.33115
0.96175 0.91578 0.03680
0.16861 0.76631 0.34207
0.97351 0.51179 0.75349
0.76292 0.92908 0.91890

0.038460
0.06593 0.13918 0.70927
0.30735 0.83188 0.13581
0.65812 0.60466 0.99480
0.51623 -0.10238 0.13771
0.76414 0.04280 0.65183
0.65167 0.64634 0.06739
1.13384 0.29235 0.33474
-0.00563 1.18130 0.01372
5.40099 3.84617 0.81111
0.87378 0.17738 0.25092
0.14526 0.25592 0.63348
0.77780 0.05941 0.31549
0.77157 0.44267 0.21622
0.29735 0.56315 0.01730
0.27359 -0.14103 0.06882
0.82464 0.79460 0.50260
0.08435 0.65472 0.50966
0.84188 0.93166 0.87759
-5.09617 -3.49230 0.72386
0.50741 0.60598 0.30589
0.60782 0.05854 0.44439
0.28471 0.78282 0.40186
0.23824 0.72925 0.34250
0.35898 -0.29240 0.30593
0.66791 0.50919 0.32331
0.35630 0.78183 0.36187
6.13602 -4.85184 0.33400
0.35985 0.09287 0.43065
0.95113 0.44478 0.01725
0.75258 0.51534 0.99773
0.48403 0.31683 0.36333
0.40040 0.94562 0.25046
-4.24180 4.94180 0.38376
0.22928 0.98657 0.93021
0.08168 0.65125 0.32789
0.45119 0.95246 0.33115
0.96175 0.91578 0.03680
0.16861 0.76631 0.34207
0.97351 0.51179 0.75349
0.76292 0.92908 0.91890

0.031334
0.06593 0.13918 0.70927
0.30735 0.83188 0.13581
0.65812 0.60466 0.99480
0.51623 -0.10238 0.13771
0.76414 0.04280 0.65183
0.65167 0.64634 0.06739
1.13384 0.29235 0.33474
-0.00563 1.18130 0.01372
5.40099 3.84617 0.81111
0.87378 0.17738 0.25092
0.14526 0.25592 0.63348
0.77780 0.05941 0.31549
0.77157 0.44267 0.21622
0.29735 0.56315 0.01730
0.27359 -0.14103 0.06882
0.82464 0.79460 0.50260
0.08435 0.65472 0.50966
0.84188 0.93166 0.87759
-5.09617 -3.49230 0.72386
0.50741 0.60598 0.30589
0.60782 0.05854 0.44439
0.28471 0.78282 0.40186
0.23824 0.72925 0.34250
0.35898 -0.29240 0.30593
0.66791 0.50919 0.32331
0.35630 0.78183 0.36187
6.13602 -4.85184 0.33400
0.35985 0.09287 0.43065
0.95113 0.44478 0.01725
0.75258 0.51534 0.99773
0.48403 0.31683 0.36333
0.40040 0.94562 0.25046
-4.24180 4.94180 0.38376
0.22928 0.98657 0.93021
0.08168 0.65125 0.32789
0.45119 0.95246 0.33115
0.96175 0.91578 0.03680
0.16861 0.76631 0.34207
0.97351 0.51179 0.75349
0.76292 0.92908 0.91890

